Simulation: 6
Layer name: layer0
Generation: 12000

[map]
94 107 114 95 122 88 89 101 73 73 102
89 106 103 122 88 101 107 95 89 78 108
94 109 94 88 107 107 100 99 94 86 108
94 119 95 94 86 84 100 110 99 104 93
103 87 96 88 100 136 84 93 81 88 112
103 98 96 64 87 96 75 101 77 116 95
92 109 91 111 98 109 94 121 82 91 96
116 93 109 76 87 111 110 79 105 107 93
101 116 84 109 85 73 119 103 109 104 104
100 82 84 110 83 88 98 84 115 113 82
123 88 100 85 100 106 96 101 89 104 92
[/map]


Simulation: 6
Layer name: layer0
Generation: 12500

[map]
95 97 100 111 127 102 105 83 106 102 59
99 103 114 89 108 120 97 75 93 96 101
115 87 112 93 101 81 100 96 101 109 115
105 107 127 98 116 89 118 100 99 94 73
108 93 104 122 91 113 117 69 120 110 111
116 99 122 122 107 113 92 84 73 108 93
87 92 101 100 91 90 99 73 103 112 100
80 87 79 94 108 76 81 120 110 66 122
107 108 92 98 108 99 96 101 102 93 85
76 97 113 120 93 89 102 91 117 110 106
97 95 100 67 114 124 106 106 84 78 102
[/map]


Simulation: 6
Layer name: layer0
Generation: 13000

[map]
80 87 87 65 102 98 94 105 99 86 119
94 99 96 93 107 93 85 99 91 114 90
75 82 103 77 95 75 99 122 89 96 133
92 111 96 108 99 80 118 91 112 89 94
95 114 94 116 93 89 57 103 91 105 111
92 121 88 99 98 102 89 122 85 115 87
115 75 58 115 114 113 100 75 103 109 114
89 84 99 128 94 105 80 102 113 117 107
104 117 86 101 101 110 105 81 83 114 87
102 109 90 96 93 71 87 102 108 118 116
102 97 129 85 95 101 117 96 113 103 83
[/map]


