Simulation: 8
Layer name: layer0
Generation: 12000

[map]
132 105 84 91 95 105 101 109 83 114 78
94 95 93 107 100 96 94 91 82 107 80
108 134 86 105 103 104 91 73 97 87 111
101 100 96 98 99 80 105 101 98 108 104
86 85 125 110 118 113 112 105 71 112 112
89 101 117 102 78 94 83 72 88 101 80
99 94 104 87 122 89 116 122 95 111 92
114 98 106 117 79 110 96 100 115 111 68
98 101 127 87 97 92 107 94 115 98 116
85 92 66 125 100 78 117 90 119 113 109
92 95 99 113 91 110 110 124 95 95 79
[/map]


Simulation: 8
Layer name: layer0
Generation: 13000

[map]
102 87 95 136 76 122 106 79 114 110 94
105 106 87 103 104 94 91 81 105 90 104
109 102 107 65 89 82 128 102 126 109 90
78 99 115 98 126 110 108 88 120 94 102
118 88 104 104 99 82 114 118 99 81 98
115 98 77 93 110 103 111 89 91 113 102
102 90 97 83 80 90 96 103 89 105 111
98 113 103 112 82 58 101 113 89 98 103
115 123 92 101 75 81 103 109 111 79 97
89 85 85 86 88 90 85 89 106 108 92
84 103 102 66 93 66 103 90 86 113 90
[/map]


