Simulation: 3
Layer name: layer0
Generation: 12000

[map]
123 68 102 94 118 79 80 108 114 93 88
89 78 118 90 93 106 89 104 100 104 116
102 99 94 125 102 114 108 96 110 102 101
92 68 103 99 76 78 112 110 113 109 108
76 103 121 121 82 105 111 107 94 99 93
102 93 112 104 99 97 104 77 103 107 77
100 91 104 102 97 112 68 91 109 107 72
118 112 100 111 89 99 110 115 111 95 114
104 108 118 100 118 81 102 106 87 81 84
97 105 90 93 101 102 99 121 101 95 117
79 117 114 101 100 107 92 131 88 105 91
[/map]


Simulation: 3
Layer name: layer0
Generation: 12500

[map]
96 103 109 104 80 93 79 97 109 99 110
94 115 88 89 139 88 106 110 92 98 103
93 105 96 91 92 91 57 90 107 126 98
92 80 79 130 78 64 110 76 97 98 92
85 75 110 118 85 86 92 118 112 98 95
70 117 87 84 85 83 114 116 90 87 87
89 117 104 116 87 113 124 102 113 102 97
92 111 84 93 97 87 78 102 102 104 89
92 104 87 107 108 103 100 118 94 112 87
99 105 75 99 101 111 94 94 85 116 93
96 91 119 117 68 50 105 83 94 116 122
[/map]


Simulation: 3
Layer name: layer0
Generation: 13000

[map]
84 99 100 113 84 101 122 94 105 118 93
112 110 94 83 97 81 89 116 91 103 107
91 118 90 80 107 84 108 97 65 88 96
100 94 98 73 95 113 91 108 103 96 82
92 104 100 89 83 86 90 98 89 105 78
79 116 104 80 105 128 78 92 100 114 99
78 104 103 87 97 104 89 107 92 80 103
109 106 87 99 107 104 98 83 110 92 89
97 96 74 95 105 110 84 74 128 111 84
107 109 94 112 78 95 80 92 132 113 108
83 115 90 100 98 88 137 92 75 103 119
[/map]


