Simulation: 8
Layer name: layer0
Generation: 12000

[map]
102 105 123 109 110 97 81 73 113 112 124
95 92 101 98 96 102 100 90 96 94 115
104 93 108 96 125 113 119 97 125 102 99
105 95 106 78 93 72 104 100 94 97 97
107 104 86 96 114 108 118 94 121 98 70
101 108 115 111 120 118 98 65 97 89 85
86 101 106 101 67 74 93 89 88 90 99
116 92 100 84 117 85 90 91 105 93 110
102 96 108 111 71 99 96 78 105 81 86
67 88 93 90 133 92 88 100 107 110 94
89 112 111 90 77 104 117 92 117 83 99
[/map]


Simulation: 8
Layer name: layer0
Generation: 12500

[map]
89 112 120 113 110 99 96 76 91 94 135
100 110 100 117 123 124 91 116 107 103 99
82 121 122 101 104 98 99 107 88 105 93
100 79 93 86 78 99 97 98 90 102 98
98 115 98 92 98 103 91 85 106 86 98
97 120 114 109 89 111 109 85 95 105 70
110 76 92 98 89 98 100 81 102 110 84
90 101 98 98 111 89 107 93 112 78 97
91 94 98 86 104 105 88 128 111 80 113
97 97 88 93 124 114 90 103 93 98 107
91 107 96 89 88 90 88 100 104 83 108
[/map]


Simulation: 8
Layer name: layer0
Generation: 13000

[map]
115 89 72 118 99 96 104 79 70 90 104
92 101 123 85 99 99 105 105 108 91 76
105 116 108 97 109 96 73 115 118 111 86
88 96 103 108 101 99 107 97 101 106 89
75 98 98 87 102 85 94 105 103 101 98
128 88 87 104 87 93 93 106 111 86 117
121 90 94 91 106 96 94 113 107 97 112
108 85 126 99 106 99 101 75 112 83 121
127 96 98 91 122 104 92 106 101 104 98
95 88 85 100 88 76 90 86 74 86 101
104 110 69 94 96 85 90 104 79 105 99
[/map]


