Simulation: 1
Layer name: layer0
Generation: 12000

[map]
99 99 105 105 112 90 95 103 91 113 108
104 92 90 87 80 128 97 84 93 121 84
82 97 92 90 92 95 102 92 111 96 78
109 62 125 126 82 122 100 108 92 81 121
104 97 94 100 101 89 95 116 93 90 61
104 114 87 112 99 91 112 102 95 83 108
77 117 107 99 79 89 99 98 99 95 102
109 87 102 99 113 126 103 71 103 97 102
74 105 95 100 103 99 106 90 77 90 116
89 98 99 98 107 95 109 112 91 101 105
85 95 91 53 91 114 96 97 95 100 77
[/map]


Simulation: 1
Layer name: layer0
Generation: 12500

[map]
106 91 108 120 126 109 79 97 87 92 74
95 96 114 102 126 104 85 92 109 120 120
92 106 97 90 93 97 87 100 75 92 75
110 81 85 107 100 71 111 82 105 107 87
99 84 55 97 79 97 115 108 86 106 72
105 79 132 105 103 92 107 111 113 118 103
105 112 79 94 102 92 105 81 87 97 124
101 85 89 99 101 96 108 112 91 84 91
74 70 78 95 110 106 100 106 92 109 97
108 95 92 85 119 95 84 106 123 121 96
73 88 112 108 103 76 86 104 98 109 109
[/map]


Simulation: 1
Layer name: layer0
Generation: 13000

[map]
115 113 103 76 111 104 118 91 110 113 70
77 97 109 103 94 92 107 84 127 105 120
109 108 103 102 126 100 74 103 88 76 101
105 95 87 108 87 70 124 95 80 119 131
111 85 109 105 93 102 116 112 115 96 99
88 110 118 88 116 104 110 103 118 113 109
95 117 91 97 98 107 101 111 92 114 106
98 79 102 96 85 121 103 93 112 99 122
84 119 118 97 109 109 86 79 116 107 93
127 119 117 113 109 100 123 75 97 104 81
87 104 101 116 73 93 95 96 84 113 96
[/map]


