Simulation: 6
Layer name: layer0
Generation: 12000

[map]
88 109 102 85 93 94 92 93 97 116 91
89 92 103 74 75 100 96 99 121 88 109
97 100 99 96 117 103 107 94 101 94 98
115 80 82 92 90 86 109 101 105 97 92
95 88 95 111 90 95 102 115 72 88 108
80 82 93 113 96 68 85 102 98 94 95
75 101 122 108 93 84 79 91 90 113 91
99 103 115 103 94 111 103 98 117 123 90
117 102 108 102 95 121 95 76 92 101 68
102 102 96 98 81 81 87 123 91 98 78
86 83 113 104 102 127 111 81 102 106 80
[/map]


Simulation: 6
Layer name: layer0
Generation: 13000

[map]
104 108 107 96 114 144 98 91 104 99 101
99 115 97 109 100 107 142 115 119 103 70
115 89 94 99 112 98 88 113 89 99 110
130 105 85 126 96 82 76 111 105 103 101
105 84 96 88 79 94 114 123 88 116 73
76 104 93 98 114 91 99 95 103 109 108
117 82 95 108 93 100 86 92 102 101 105
107 95 99 123 111 99 111 87 106 95 113
84 96 99 108 85 100 133 96 89 99 114
105 91 100 110 121 102 81 87 84 92 108
103 88 105 124 93 100 118 115 73 105 83
[/map]


