Simulation: 7
Layer name: layer0
Generation: 12000

[map]
114 99 97 100 89 117 85 96 110 82 100
111 130 83 96 125 95 70 112 102 113 112
97 111 104 105 77 76 60 112 105 113 92
98 93 89 100 114 94 117 116 96 106 94
110 98 120 70 99 112 105 84 118 96 100
112 96 72 105 82 103 88 98 83 126 118
95 88 110 110 111 95 109 86 80 89 90
76 87 98 83 91 98 108 108 114 85 96
88 87 98 123 89 121 121 144 121 93 118
108 93 77 105 109 94 99 108 87 114 75
109 94 110 85 87 85 119 77 97 76 91
[/map]


Simulation: 7
Layer name: layer0
Generation: 13000

[map]
97 94 84 71 91 110 108 108 86 99 96
119 97 87 92 77 91 105 100 86 90 87
91 92 107 105 95 80 90 84 89 122 117
116 82 98 103 106 85 85 125 106 98 104
113 83 98 80 113 87 114 83 85 93 97
92 91 102 116 108 97 113 102 84 95 77
109 102 91 95 100 122 98 101 115 88 91
84 98 87 112 73 102 99 85 105 116 99
113 101 77 79 95 110 90 98 101 113 95
91 96 76 97 102 98 79 98 112 94 97
103 97 107 108 94 115 97 104 81 87 84
[/map]


