Simulation: 4
Layer name: layer0
Generation: 12000

[map]
100 100 84 110 99 113 127 75 89 111 119
103 76 79 99 80 100 97 107 119 115 112
127 100 93 80 109 106 117 99 93 111 123
69 122 103 80 104 124 110 97 119 96 105
103 96 117 85 80 119 100 80 88 93 81
81 108 88 88 89 113 88 113 112 73 79
105 95 90 99 94 115 112 88 80 88 123
81 92 97 119 126 76 102 97 107 88 77
86 92 81 90 94 76 112 99 112 103 89
94 110 106 96 111 126 106 122 111 105 88
100 105 116 96 96 100 82 89 78 81 77
[/map]


Simulation: 4
Layer name: layer0
Generation: 13000

[map]
102 108 78 97 103 79 111 104 55 98 96
114 111 94 84 104 106 95 96 103 117 123
94 78 88 124 93 97 114 96 114 101 87
100 94 117 95 93 92 101 117 112 122 89
84 97 82 84 94 68 103 89 92 97 96
95 108 95 99 78 87 90 117 82 87 80
91 78 89 103 99 106 95 98 98 102 87
101 115 90 103 106 95 80 69 107 90 124
91 91 92 105 76 87 94 95 83 100 110
81 89 77 93 118 91 84 76 115 101 94
69 107 83 76 100 88 65 112 93 110 101
[/map]


