Simulation: 2
Layer name: layer0
Generation: 12000

[map]
94 116 111 96 90 113 94 96 79 100 93
93 115 103 128 91 79 99 121 87 92 117
82 108 91 71 125 100 85 95 113 101 124
116 85 120 80 85 115 101 131 143 129 120
106 120 96 93 122 110 86 113 103 77 77
98 93 86 95 104 121 94 127 89 102 86
105 83 99 101 95 89 92 82 69 86 80
117 99 99 89 108 106 104 100 103 92 97
89 98 81 96 80 122 107 97 114 100 67
98 85 98 104 109 100 86 97 115 93 78
91 98 82 116 102 122 69 103 106 127 82
[/map]


Simulation: 2
Layer name: layer0
Generation: 12500

[map]
88 87 99 115 71 88 99 88 88 96 102
63 112 74 121 82 91 98 69 92 78 99
108 102 97 118 101 94 100 97 94 96 138
109 104 79 82 86 126 108 119 93 112 83
96 98 101 111 118 76 109 105 98 87 97
108 101 77 107 104 100 85 79 92 109 109
97 99 126 78 109 117 117 100 103 99 92
95 135 93 96 99 146 103 130 102 87 102
128 78 94 110 78 94 93 97 85 114 87
111 104 91 100 91 116 111 96 103 76 93
126 110 95 106 84 99 149 92 118 91 85
[/map]


Simulation: 2
Layer name: layer0
Generation: 13000

[map]
112 111 89 96 108 99 101 97 106 102 114
108 69 91 90 97 88 84 94 94 99 97
83 100 110 94 107 79 76 102 97 112 89
97 122 85 70 85 91 93 102 109 119 94
77 93 97 89 91 115 107 108 71 103 87
115 80 96 93 109 92 108 95 80 90 83
104 123 95 106 101 74 98 68 111 103 90
107 108 101 106 115 101 104 87 80 90 118
75 86 127 106 87 99 89 87 91 90 88
69 82 89 101 76 86 107 123 107 62 112
87 85 108 92 103 123 117 89 127 102 94
[/map]


