Simulation: 7
Layer name: layer0
Generation: 12000

[map]
78 89 106 85 84 91 116 91 61 96 111
122 117 114 100 100 79 110 91 115 83 93
100 89 92 91 90 104 94 93 112 109 100
107 120 97 113 114 108 95 82 72 78 89
102 103 72 102 91 107 101 117 123 99 96
105 91 72 93 100 87 92 100 112 96 108
102 112 97 117 104 107 96 99 108 109 106
101 71 87 110 102 95 116 103 121 122 112
69 93 82 88 103 116 93 111 112 78 114
99 75 75 80 86 84 91 106 92 103 78
81 97 99 98 97 93 88 89 104 120 111
[/map]


Simulation: 7
Layer name: layer0
Generation: 13000

[map]
108 124 101 124 93 105 102 94 71 107 79
95 107 125 86 104 89 111 93 99 116 107
80 103 99 102 91 118 118 89 81 87 113
92 98 96 114 103 99 96 104 105 128 98
110 109 88 109 81 74 102 85 98 125 90
99 80 104 88 102 101 102 108 103 101 103
106 85 106 104 98 91 114 103 80 94 91
115 103 91 97 119 82 73 109 121 74 97
111 91 98 111 99 123 99 96 98 102 72
99 111 108 74 83 69 81 86 94 112 126
109 90 86 94 97 81 89 103 80 112 109
[/map]


