Simulation: 10
Layer name: layer0
Generation: 12000

[map]
106 100 121 89 125 90 84 127 99 105 123
111 97 126 99 98 123 98 92 89 88 110
90 80 75 103 86 86 80 100 126 103 113
99 94 106 99 92 101 95 97 105 100 105
104 116 64 94 101 90 96 108 82 94 99
99 77 105 91 113 104 83 80 102 101 109
116 82 103 97 77 98 78 92 94 71 98
77 105 93 81 104 89 109 72 91 76 101
103 118 103 103 107 92 109 117 106 91 84
97 117 94 102 116 99 90 106 93 99 98
74 89 92 103 93 101 107 97 106 116 91
[/map]


Simulation: 10
Layer name: layer0
Generation: 13000

[map]
77 91 78 104 95 130 83 88 93 119 102
113 94 73 99 89 103 91 95 110 120 106
93 106 93 68 88 67 92 106 92 102 105
91 119 89 97 105 79 115 90 95 99 64
104 98 68 87 93 81 82 86 112 97 95
102 113 91 100 72 78 85 108 108 93 101
111 107 95 93 108 87 103 86 96 108 84
62 112 97 97 88 72 115 67 101 84 113
105 99 88 107 123 93 102 91 97 97 112
116 87 106 106 113 73 91 82 80 84 99
71 122 85 121 108 99 91 89 97 97 106
[/map]


