Simulation: 2
Layer name: layer0
Generation: 12000

[map]
97 85 92 104 102 106 96 118 102 94 107
90 88 108 115 102 110 91 112 86 114 97
97 95 110 103 97 91 92 90 100 99 99
88 86 106 81 84 119 75 95 116 76 114
96 82 98 114 94 120 114 86 109 93 102
97 86 104 106 113 91 112 100 91 99 105
81 73 104 49 93 120 105 112 108 85 110
94 95 97 90 94 98 109 111 96 98 91
70 87 63 80 85 113 106 101 106 92 95
86 59 91 109 96 86 111 91 99 111 85
108 109 102 97 90 94 90 78 82 93 86
[/map]


Simulation: 2
Layer name: layer0
Generation: 13000

[map]
78 114 108 111 98 64 86 105 91 95 70
99 100 102 111 121 102 114 105 110 86 96
102 93 68 120 77 86 77 72 82 93 87
82 103 94 95 95 96 73 110 98 86 89
98 99 117 85 99 89 119 105 79 78 102
97 89 108 88 106 77 112 93 120 99 103
105 80 103 98 75 93 85 88 72 98 89
120 131 100 95 100 95 97 118 84 107 93
103 106 101 113 84 105 101 96 90 99 70
102 97 123 96 101 89 114 87 91 91 111
109 94 96 95 93 86 79 107 110 84 91
[/map]


