Simulation: 4
Layer name: layer0
Generation: 12000

[map]
98 106 101 103 108 88 82 115 91 109 92
108 84 128 99 118 83 90 105 109 78 110
111 84 114 98 103 85 82 123 89 103 91
84 83 103 110 105 106 105 97 106 105 98
100 99 112 109 91 101 108 112 100 92 87
94 79 114 85 131 88 97 102 117 72 94
67 94 88 73 90 77 97 123 114 89 107
105 117 100 101 76 106 114 85 114 91 100
91 92 93 88 98 105 88 95 114 105 113
93 100 85 98 108 107 85 112 104 88 96
98 104 116 84 101 99 89 93 81 107 94
[/map]


Simulation: 4
Layer name: layer0
Generation: 12500

[map]
79 92 106 87 120 76 118 108 75 107 90
102 118 83 100 107 88 114 112 93 86 85
99 92 105 108 129 83 98 92 91 117 109
102 95 108 122 90 76 95 107 119 109 104
99 105 93 90 105 118 99 78 93 92 98
117 94 113 96 90 85 95 107 94 85 125
90 89 111 95 93 86 93 97 96 98 89
98 91 102 87 111 75 72 102 90 94 106
82 87 94 94 98 111 85 88 94 70 109
106 132 96 85 79 101 93 115 108 77 87
111 85 77 86 106 99 103 83 106 94 105
[/map]


Simulation: 4
Layer name: layer0
Generation: 13000

[map]
118 94 99 110 100 83 115 113 89 97 94
100 116 95 120 119 79 91 100 93 96 112
100 98 83 110 90 89 111 84 108 82 78
90 90 92 85 112 95 81 107 76 103 106
103 105 95 96 98 99 90 110 115 86 106
110 69 105 84 76 120 86 80 132 106 102
115 88 88 101 110 114 99 81 82 122 93
85 86 113 118 97 113 112 76 88 98 102
101 91 123 83 95 92 72 87 107 116 100
101 115 102 82 111 114 98 80 109 98 90
79 56 81 117 101 97 91 90 89 96 114
[/map]


