Simulation: 10
Layer name: layer0
Generation: 12000

[map]
95 96 94 111 115 94 95 89 87 109 95
109 75 89 76 97 108 92 112 127 109 114
106 99 93 106 94 78 95 93 127 105 102
95 88 90 119 105 83 115 89 117 110 106
91 67 96 112 99 91 94 94 85 79 106
93 97 72 98 122 83 89 81 102 108 115
107 101 104 110 89 89 79 106 91 96 107
95 68 110 79 99 107 111 101 92 106 120
95 122 92 97 90 101 93 92 105 108 123
80 85 100 93 108 107 83 97 98 93 107
79 97 114 105 110 75 78 90 112 99 113
[/map]


Simulation: 10
Layer name: layer0
Generation: 13000

[map]
84 67 80 79 109 94 82 115 81 108 132
105 111 101 95 120 107 98 103 95 84 96
109 104 106 86 65 108 88 84 71 72 61
120 91 83 64 92 85 97 110 114 75 83
135 97 68 113 123 106 77 102 103 114 100
85 62 84 92 100 112 88 119 83 106 83
119 88 96 84 121 108 126 108 123 85 114
102 105 98 97 103 82 118 88 117 87 104
79 113 98 98 107 84 87 104 97 97 114
86 87 92 82 99 90 64 85 90 95 91
115 75 104 122 127 119 93 97 109 91 97
[/map]


