Simulation: 9
Layer name: layer0
Generation: 12000

[map]
118 89 109 119 122 76 82 99 96 89 101
104 122 95 76 116 115 72 81 96 93 108
91 106 122 108 79 118 108 81 86 85 80
97 81 99 117 86 122 114 107 81 105 130
103 100 99 85 95 97 114 108 87 93 91
96 120 118 76 55 122 86 98 90 99 82
81 102 86 123 82 105 95 77 78 102 105
94 128 88 90 98 100 106 91 96 147 86
95 107 74 124 79 99 83 108 85 99 88
91 90 108 95 101 100 90 98 112 78 105
111 104 105 76 109 97 102 103 110 103 74
[/map]


Simulation: 9
Layer name: layer0
Generation: 12500

[map]
87 123 81 107 93 90 91 95 75 87 93
102 125 90 102 118 89 88 65 87 107 95
112 108 94 101 79 117 111 92 73 98 79
104 90 101 76 107 101 96 65 108 120 120
115 63 128 68 119 95 98 104 95 126 111
84 95 93 92 105 110 91 112 85 124 90
104 100 112 90 81 128 71 118 88 72 87
85 92 84 96 93 77 81 94 105 101 135
92 92 111 73 97 104 87 88 137 119 92
98 80 98 96 79 93 105 130 92 91 89
94 91 113 110 90 86 117 90 99 108 94
[/map]


Simulation: 9
Layer name: layer0
Generation: 13000

[map]
108 90 111 93 116 90 115 88 81 86 96
109 79 106 96 88 94 110 99 104 123 119
80 70 95 98 82 87 89 81 97 108 99
81 87 74 106 103 106 98 106 84 106 111
106 101 96 97 84 93 103 68 94 122 113
96 116 94 121 82 70 68 89 91 94 110
82 125 94 89 102 115 96 81 122 110 92
92 83 106 88 97 109 96 108 106 93 103
112 104 95 99 97 94 96 126 113 89 97
95 81 98 86 89 88 105 101 127 81 112
86 89 106 96 99 108 94 90 107 101 109
[/map]


