Simulation: 5
Layer name: layer0
Generation: 12000

[map]
90 82 88 112 103 88 94 93 101 110 100
93 111 114 99 84 88 91 84 87 93 100
125 79 111 90 94 111 95 100 118 105 96
89 89 88 110 118 112 100 103 111 114 96
120 76 93 84 82 94 93 89 91 93 119
97 107 86 82 111 129 99 94 96 89 111
82 71 97 92 104 117 82 89 121 106 99
109 114 106 108 86 88 100 98 83 75 93
56 98 99 86 94 85 119 110 111 92 92
86 85 80 87 90 80 79 96 96 103 109
105 93 94 88 98 128 120 88 93 112 104
[/map]


Simulation: 5
Layer name: layer0
Generation: 13000

[map]
105 118 96 95 101 112 110 68 87 114 88
84 94 101 105 85 96 119 82 74 129 91
93 88 100 85 103 103 93 97 112 99 106
110 100 109 88 105 107 107 104 84 93 104
81 83 74 115 82 122 93 103 97 81 109
107 114 97 125 99 107 85 122 101 96 113
104 115 93 94 112 83 99 85 110 79 112
111 82 87 83 89 91 93 82 93 94 86
101 113 90 84 109 124 70 92 100 93 102
105 87 86 80 117 104 92 100 95 110 87
89 85 104 82 99 99 115 106 100 101 90
[/map]


