Simulation: 1
Layer name: layer0
Generation: 12000

[map]
101 102 96 114 111 88 90 103 130 96 100
97 103 90 88 72 122 104 81 88 113 102
93 97 120 86 105 88 92 96 74 122 117
89 97 89 100 90 91 126 96 124 88 108
139 99 94 89 99 96 118 120 94 97 100
87 82 88 118 102 87 90 102 87 94 94
101 93 93 92 82 88 80 89 98 96 73
116 109 110 87 82 85 79 113 89 102 85
108 88 89 98 104 99 80 87 97 120 80
94 69 74 115 93 81 91 92 87 98 106
95 117 81 99 103 95 98 113 83 75 72
[/map]


Simulation: 1
Layer name: layer0
Generation: 13000

[map]
89 125 95 87 115 105 68 76 127 73 106
121 101 104 88 90 106 92 98 88 77 80
122 98 82 94 102 103 111 86 92 86 102
104 94 92 78 104 114 91 91 115 87 103
75 96 123 123 106 106 92 123 96 82 117
95 109 93 107 98 119 94 77 108 97 114
107 109 107 88 95 96 92 70 106 108 118
102 99 110 114 113 92 70 90 92 109 123
100 88 118 90 106 110 105 103 125 114 96
110 89 87 131 109 95 100 73 88 70 94
83 92 95 102 112 92 96 77 99 85 79
[/map]


