Simulation: 10
Layer name: layer0
Generation: 12000

[map]
91 84 88 87 102 104 113 61 110 84 103
107 117 111 98 92 116 108 101 108 91 106
107 111 94 100 88 94 113 108 90 91 91
100 72 105 117 89 83 115 118 77 82 86
104 85 91 114 101 107 95 94 103 93 78
92 108 96 115 80 105 96 94 114 77 96
101 103 90 92 106 118 77 69 146 99 93
115 95 101 109 91 100 117 104 108 99 136
90 86 107 112 105 104 113 76 77 95 88
84 109 106 81 87 100 101 116 114 124 88
68 81 97 96 70 100 84 93 88 94 93
[/map]


Simulation: 10
Layer name: layer0
Generation: 12500

[map]
95 96 125 107 91 118 84 106 98 105 121
120 69 107 104 104 98 112 108 93 90 106
93 95 99 85 111 82 102 113 100 110 85
125 114 99 105 96 126 115 106 108 121 122
104 84 88 96 106 103 111 74 115 97 102
100 75 120 95 104 76 96 100 104 98 105
114 96 118 95 96 109 108 103 98 92 109
101 99 92 66 105 100 103 111 106 89 101
100 92 120 75 117 100 100 99 102 106 118
126 91 97 107 104 84 100 98 106 93 108
117 76 97 119 88 75 106 104 77 107 104
[/map]


Simulation: 10
Layer name: layer0
Generation: 13000

[map]
76 68 85 111 100 88 79 112 95 80 81
98 89 112 106 105 97 101 105 82 82 104
89 118 96 87 100 96 115 113 98 85 106
113 101 103 93 100 102 102 95 95 76 72
89 104 103 78 102 88 116 74 93 93 81
115 110 87 87 96 111 110 97 87 84 92
85 68 100 82 93 77 101 110 86 103 83
94 98 103 101 111 112 110 105 119 86 80
93 85 86 85 101 101 108 104 105 78 101
75 108 128 92 95 102 98 100 104 90 80
94 95 106 107 91 109 111 85 108 119 99
[/map]


