Simulation: 2
Layer name: layer0
Generation: 12000

[map]
91 95 105 102 110 97 119 126 108 104 103
107 75 129 101 72 105 116 94 86 84 84
82 96 109 88 99 87 75 109 87 77 113
98 113 74 105 90 106 78 78 106 83 85
123 91 111 117 105 97 103 89 110 92 94
92 112 100 101 65 107 92 117 124 119 109
104 73 84 87 87 106 82 103 127 117 122
102 89 88 90 84 87 104 92 122 100 97
113 79 91 82 84 106 87 78 96 100 105
100 110 132 91 122 88 102 114 98 106 106
103 96 101 92 107 102 98 86 103 110 88
[/map]


Simulation: 2
Layer name: layer0
Generation: 12500

[map]
98 93 69 88 94 120 98 100 72 72 102
114 77 113 95 104 99 77 94 101 111 82
101 144 86 90 95 101 85 94 114 105 107
83 100 102 88 120 97 102 67 85 101 94
88 113 81 102 96 101 92 105 96 83 95
99 108 93 92 84 74 94 95 90 104 117
82 93 109 109 92 119 100 113 93 82 78
113 80 95 97 93 98 83 102 107 82 87
93 77 88 101 87 92 110 105 99 90 102
115 78 82 94 122 105 91 95 104 85 77
99 116 107 105 108 105 112 115 80 129 118
[/map]


Simulation: 2
Layer name: layer0
Generation: 13000

[map]
98 89 89 114 115 112 107 107 101 94 93
81 81 91 109 99 115 106 126 90 133 91
101 97 129 81 97 90 83 70 81 103 96
107 88 94 115 89 102 102 95 120 81 100
78 90 120 112 98 99 78 96 113 120 104
75 87 88 82 92 98 113 102 105 98 94
117 104 96 112 94 108 111 110 104 90 114
117 91 77 110 98 117 110 90 88 106 107
98 121 113 115 106 82 98 117 95 99 97
109 108 71 96 105 95 129 102 106 89 108
102 108 74 86 92 118 99 99 115 99 115
[/map]


