Simulation: 3
Layer name: layer0
Generation: 12000

[map]
102 96 96 94 126 77 105 80 103 99 88
91 112 112 94 79 80 117 99 106 97 79
102 99 86 113 103 96 103 103 69 90 82
96 98 111 76 77 77 81 96 116 80 111
96 97 95 122 110 85 93 108 93 91 99
106 94 112 100 114 80 102 102 107 107 101
99 110 113 102 97 93 92 99 125 93 100
104 100 111 126 113 107 105 82 98 112 89
88 116 97 89 117 107 87 99 98 112 83
71 103 118 104 75 105 82 72 99 125 91
80 109 83 120 86 97 93 94 105 89 102
[/map]


Simulation: 3
Layer name: layer0
Generation: 13000

[map]
93 96 101 109 87 86 102 90 96 110 95
107 102 127 77 81 104 88 120 93 112 71
90 98 71 72 79 112 100 101 97 101 114
98 120 84 98 87 114 108 98 102 85 98
84 91 110 108 109 99 106 114 107 74 108
122 101 94 98 93 107 105 101 102 75 94
94 79 96 68 70 126 81 103 104 112 96
121 67 97 94 57 109 85 99 102 95 110
124 105 82 103 94 98 110 109 92 90 74
81 99 116 81 94 106 98 93 130 107 64
82 93 97 114 95 92 106 115 98 101 75
[/map]


