Simulation: 2
Layer name: layer0
Generation: 12000

[map]
108 109 117 98 96 102 77 94 132 109 100
83 98 121 90 111 91 100 102 117 89 91
102 97 105 102 115 101 93 118 81 93 110
83 94 90 106 95 87 114 93 107 109 79
124 93 95 65 115 111 91 116 126 120 111
72 111 63 98 102 88 100 112 96 90 71
72 96 88 102 113 107 101 95 95 106 99
94 92 92 86 108 89 100 91 107 85 99
110 110 101 92 121 83 90 101 101 71 93
110 78 93 106 96 101 86 82 112 88 117
77 89 96 109 71 73 99 72 115 81 90
[/map]


Simulation: 2
Layer name: layer0
Generation: 13000

[map]
91 104 63 86 81 99 104 111 108 100 85
97 104 90 91 119 90 82 99 105 108 109
111 73 92 103 102 126 78 76 86 105 102
100 86 112 123 115 95 88 91 81 89 104
89 94 103 115 80 100 110 111 80 104 89
102 120 120 80 130 103 106 90 107 96 126
94 92 88 83 97 94 86 97 97 109 90
85 116 89 96 110 104 83 108 109 107 99
103 65 76 90 107 93 122 116 85 108 92
86 117 86 125 99 104 78 78 101 92 92
119 75 98 89 98 99 113 96 94 98 106
[/map]


