Simulation: 1
Layer name: layer0
Generation: 12000

[map]
121 75 102 86 87 94 81 90 117 90 100
118 82 102 94 98 85 90 95 79 104 99
96 101 71 94 101 97 80 126 85 117 124
97 124 96 115 88 88 96 62 115 114 91
94 74 84 87 101 102 96 120 97 99 114
98 80 113 74 95 96 141 95 104 103 77
94 74 109 63 107 94 110 106 94 118 107
92 103 108 87 127 88 108 103 108 90 88
112 109 83 120 118 93 104 74 93 101 112
108 100 103 96 112 104 104 69 102 89 100
90 104 107 89 92 104 89 93 114 78 75
[/map]


Simulation: 1
Layer name: layer0
Generation: 13000

[map]
120 111 129 111 104 68 83 118 96 93 105
110 81 115 83 115 96 93 129 106 104 102
81 108 78 75 71 83 98 105 99 115 87
113 80 83 106 87 110 120 90 98 111 110
81 80 107 83 122 95 120 88 93 113 98
94 104 97 102 92 92 94 91 118 115 110
111 87 95 113 98 107 73 101 105 98 78
112 106 102 100 89 96 82 119 81 74 72
93 83 99 66 95 123 105 109 114 95 89
85 83 103 86 96 119 88 77 106 112 102
89 99 99 113 101 110 91 124 95 105 108
[/map]


