Simulation: 1
Layer name: layer0
Generation: 12000

[map]
94 107 100 88 109 100 77 90 92 109 85
97 118 94 79 103 85 94 123 98 100 113
93 82 83 108 113 80 104 111 97 108 87
84 87 89 90 138 80 114 103 104 84 102
95 92 86 103 113 97 64 124 97 97 81
64 103 88 119 106 110 90 87 102 76 96
81 103 91 90 98 112 89 96 107 94 94
75 98 71 97 97 75 125 109 114 102 98
110 89 121 89 96 80 136 110 102 85 82
111 89 101 79 102 96 88 112 75 112 105
79 101 113 95 73 95 104 110 97 89 115
[/map]


Simulation: 1
Layer name: layer0
Generation: 13000

[map]
80 97 114 84 87 85 89 97 107 122 94
116 110 110 99 72 94 106 108 99 107 100
92 90 79 106 118 102 82 96 80 78 88
102 100 92 83 97 93 96 124 97 107 117
67 94 75 81 105 73 86 91 106 80 97
101 108 99 98 103 79 112 112 110 93 122
76 110 94 125 69 88 88 113 107 104 102
87 113 102 97 99 85 110 108 87 87 85
75 60 107 67 126 98 119 78 104 130 88
100 83 85 79 112 84 119 113 100 97 76
119 88 68 76 102 92 141 109 92 127 97
[/map]


