Simulation: 9
Layer name: layer0
Generation: 12000

[map]
99 111 113 107 88 101 96 82 103 101 75
110 94 88 90 116 108 102 80 106 143 104
104 73 121 102 84 92 106 105 98 82 98
85 109 105 97 102 107 76 106 108 127 98
98 82 92 124 92 85 84 96 104 90 96
100 91 89 103 96 77 111 84 100 106 103
91 105 111 94 114 101 124 93 99 103 99
98 117 87 128 103 91 82 124 96 78 71
109 90 105 102 65 85 89 99 113 51 94
106 110 95 91 105 104 104 84 98 105 98
82 93 82 121 97 129 122 120 100 118 93
[/map]


Simulation: 9
Layer name: layer0
Generation: 13000

[map]
80 109 83 87 119 91 104 84 106 82 108
87 68 120 107 95 82 80 119 118 99 107
77 112 93 88 90 97 72 119 120 96 124
73 87 88 110 85 86 94 81 91 87 96
97 111 115 89 105 71 63 106 110 66 121
99 84 81 104 106 106 86 81 90 127 85
100 107 97 99 81 91 113 103 117 94 102
114 115 86 102 92 85 102 135 85 89 62
99 95 109 64 95 114 90 94 82 108 92
84 104 96 114 101 115 114 102 104 125 94
86 82 121 95 110 93 114 97 94 127 91
[/map]


