Simulation: 10
Layer name: layer0
Generation: 12000

[map]
109 87 92 119 119 75 88 76 72 115 95
105 81 82 74 79 79 87 105 111 97 96
87 95 117 92 120 98 103 71 96 93 89
109 112 70 130 95 89 102 98 79 101 101
90 90 117 90 89 60 105 121 90 96 110
76 112 108 108 112 108 99 99 78 86 89
134 93 101 103 92 80 88 110 111 102 58
127 99 96 117 104 72 88 86 84 90 107
106 80 91 97 95 99 105 100 102 108 92
109 105 78 94 101 96 115 96 106 96 104
105 98 94 98 119 81 69 113 99 81 76
[/map]


Simulation: 10
Layer name: layer0
Generation: 12500

[map]
95 106 123 100 88 98 113 74 107 108 107
107 118 85 78 115 124 81 83 77 117 86
109 110 99 78 94 98 78 121 129 77 112
86 98 81 77 108 120 98 113 104 92 77
100 91 107 90 108 100 99 110 87 80 86
106 89 96 117 78 84 81 102 106 86 115
96 108 103 117 82 80 107 101 109 95 97
116 136 99 80 79 92 107 122 122 92 89
125 99 87 105 111 113 110 108 108 86 116
104 109 83 107 90 95 94 84 116 111 100
76 84 125 88 110 98 80 84 136 99 83
[/map]


Simulation: 10
Layer name: layer0
Generation: 13000

[map]
93 101 108 107 91 114 100 106 122 99 98
98 90 101 131 87 103 82 104 113 97 123
109 103 100 114 106 106 80 109 92 93 93
132 100 115 82 81 78 90 117 98 123 98
64 98 108 97 78 86 105 98 100 105 96
112 115 63 114 84 79 100 79 87 101 110
117 121 98 106 102 105 92 98 95 87 99
95 108 120 99 84 102 91 118 119 49 114
97 116 113 66 110 74 99 99 92 85 98
119 100 93 104 113 90 108 117 134 121 98
102 71 97 100 97 125 77 126 72 84 82
[/map]


