Simulation: 5
Layer name: layer0
Generation: 12000

[map]
104 100 94 92 91 97 99 93 77 110 110
106 98 89 110 88 99 97 76 74 91 97
108 115 84 108 118 108 95 126 91 125 62
97 82 85 110 109 88 96 93 119 113 92
96 117 82 106 76 100 82 100 96 99 107
102 79 106 116 78 84 119 88 109 89 135
94 95 111 99 93 112 110 99 93 97 85
110 102 102 72 102 88 102 97 103 92 115
76 81 136 97 100 104 100 102 103 85 104
97 117 116 96 91 127 102 110 117 103 97
117 110 99 92 107 93 97 138 113 105 83
[/map]


Simulation: 5
Layer name: layer0
Generation: 12500

[map]
90 86 102 94 105 91 121 87 77 92 107
65 108 122 113 122 123 89 115 109 73 90
90 124 98 93 106 75 96 96 91 86 99
101 85 101 117 109 78 77 96 104 82 110
113 98 91 112 74 88 103 85 113 128 96
102 87 108 127 66 92 123 126 82 70 130
105 82 98 106 80 86 104 104 104 97 88
76 98 83 89 101 92 113 96 85 97 90
113 83 91 95 104 105 100 101 110 81 104
130 101 82 114 102 99 106 99 83 128 117
92 92 109 112 100 93 109 84 86 121 118
[/map]


Simulation: 5
Layer name: layer0
Generation: 13000

[map]
104 94 109 87 108 95 68 85 80 105 101
90 91 94 109 93 106 81 107 75 99 92
97 77 114 102 114 128 55 103 107 97 97
124 112 88 101 113 90 84 96 88 87 106
75 109 120 91 106 126 87 96 98 112 104
79 104 85 94 96 98 109 82 116 93 112
91 105 93 106 90 104 87 99 107 95 105
103 85 114 104 93 97 106 87 81 93 110
108 90 91 72 104 83 88 121 99 94 76
97 75 110 84 81 103 81 85 88 93 105
83 88 96 104 106 108 93 93 90 108 108
[/map]


