Simulation: 6
Layer name: layer0
Generation: 12000

[map]
104 86 79 98 98 111 110 114 132 113 108
101 110 102 87 93 109 73 107 73 100 129
93 91 68 91 87 94 88 103 86 105 77
118 108 110 80 96 83 130 107 94 119 96
76 92 99 92 88 99 97 91 90 88 91
82 108 95 104 98 83 101 96 98 100 109
94 86 115 94 72 78 93 91 81 79 101
74 119 105 94 94 91 95 99 108 113 121
88 93 86 95 77 82 77 90 105 81 74
109 80 87 120 92 91 89 82 110 93 118
119 103 108 96 108 98 110 101 92 106 81
[/map]


Simulation: 6
Layer name: layer0
Generation: 12500

[map]
104 109 94 109 105 91 128 88 99 92 93
99 97 93 92 115 79 73 67 100 115 95
98 81 88 110 89 73 93 126 94 120 98
111 87 84 119 114 82 103 119 128 113 112
114 91 88 108 102 103 90 102 88 110 110
102 87 109 74 80 90 98 95 75 84 116
113 103 110 114 94 89 93 108 102 89 103
107 108 110 87 116 78 80 105 111 121 125
102 91 100 86 93 83 123 96 106 82 88
113 113 102 81 93 89 80 141 131 128 101
100 79 93 111 95 101 87 91 110 110 82
[/map]


Simulation: 6
Layer name: layer0
Generation: 13000

[map]
101 94 99 108 90 84 99 113 101 88 124
86 139 99 92 102 84 102 116 85 83 89
107 80 91 82 103 83 108 82 97 102 89
123 103 109 123 92 109 103 120 109 83 75
96 98 70 97 103 82 80 115 66 79 90
112 95 73 79 102 107 83 92 114 108 88
70 91 108 88 81 105 113 97 99 100 83
111 113 98 98 97 107 93 102 141 89 105
95 106 103 73 84 95 78 105 66 111 107
82 96 111 124 100 84 83 101 70 100 102
86 110 103 102 112 87 87 105 117 109 80
[/map]


