Simulation: 1
Layer name: layer0
Generation: 12000

[map]
132 80 97 82 94 91 97 92 95 80 101
87 109 88 70 105 76 105 113 101 113 108
97 96 99 93 93 93 87 87 85 99 100
102 99 103 109 99 108 96 77 107 103 93
104 80 88 108 86 90 101 95 101 96 107
87 99 104 139 77 118 118 83 105 103 115
106 109 127 112 97 107 96 102 100 90 109
88 97 88 94 85 80 100 82 105 93 129
106 114 85 102 120 78 96 96 95 124 96
113 85 86 92 114 90 93 82 122 90 98
97 82 94 102 94 107 97 94 101 82 73
[/map]


Simulation: 1
Layer name: layer0
Generation: 12500

[map]
102 109 91 112 88 111 115 82 98 61 102
97 113 101 86 108 90 82 120 109 77 105
113 95 96 81 95 102 80 107 90 109 105
97 90 64 102 92 70 90 85 83 95 92
92 79 108 96 106 82 114 104 105 102 113
104 82 93 65 91 86 88 89 95 104 79
90 85 76 97 71 91 85 111 80 92 102
109 70 125 107 103 86 116 79 110 85 114
104 103 110 87 104 91 114 85 93 100 92
84 99 99 112 96 104 99 100 87 88 95
102 103 100 115 104 99 86 104 95 112 100
[/map]


Simulation: 1
Layer name: layer0
Generation: 13000

[map]
88 84 86 94 87 107 83 102 95 95 98
100 94 109 57 133 67 113 74 84 92 107
111 115 92 103 106 107 90 119 91 86 116
80 118 101 98 108 104 113 112 101 97 99
90 101 95 91 102 100 94 107 124 101 114
119 97 85 122 123 113 101 122 113 75 126
115 120 96 108 108 93 98 78 83 100 108
83 77 71 98 103 102 111 115 74 95 112
100 95 96 106 103 88 109 122 106 110 101
110 90 106 89 83 119 76 91 73 78 95
91 124 103 101 94 107 89 88 74 119 99
[/map]


