Simulation: 3
Layer name: layer0
Generation: 12000

[map]
92 134 94 84 86 99 93 130 73 87 117
77 112 111 97 113 87 66 94 116 94 121
68 94 80 93 77 57 127 107 120 110 121
106 120 106 121 93 97 89 103 105 122 112
104 107 74 123 100 113 92 83 105 99 64
63 95 108 119 77 95 97 108 88 115 94
99 123 95 102 137 115 80 87 106 85 117
81 88 100 88 81 104 90 76 94 93 90
85 88 109 94 105 108 81 100 89 81 80
108 77 99 93 107 90 67 117 94 98 92
101 103 117 114 76 89 101 92 93 121 121
[/map]


Simulation: 3
Layer name: layer0
Generation: 12500

[map]
114 99 109 101 91 93 106 92 74 98 81
114 101 86 96 82 102 121 106 115 91 114
78 90 113 132 100 78 90 97 109 92 113
133 99 134 81 89 79 91 80 88 91 102
90 98 143 71 77 93 87 90 119 108 87
99 110 100 80 97 107 85 99 97 92 107
98 84 98 71 89 88 103 115 109 122 94
104 132 106 107 104 100 107 84 105 87 104
96 103 114 97 111 114 104 104 96 89 80
90 95 76 108 95 99 99 127 105 91 118
112 93 96 85 103 111 96 99 98 108 100
[/map]


Simulation: 3
Layer name: layer0
Generation: 13000

[map]
96 102 83 75 82 78 84 107 118 101 89
109 105 85 94 93 95 101 87 95 83 79
90 86 99 105 92 80 115 107 113 105 95
81 67 110 90 91 120 81 81 83 97 121
97 122 104 111 127 109 91 76 89 79 110
98 94 88 95 106 90 99 120 89 106 77
95 114 104 88 110 114 88 81 121 92 101
88 91 87 105 86 94 96 100 101 93 77
106 111 107 89 111 112 118 98 93 104 116
90 88 104 80 100 113 110 113 100 125 111
90 77 99 130 90 95 85 96 100 101 117
[/map]


