Simulation: 10
Layer name: layer0
Generation: 12000

[map]
75 99 98 106 93 81 97 106 108 94 96
90 104 108 79 93 72 93 88 97 83 110
113 81 102 127 116 95 107 89 110 96 111
95 114 104 123 101 113 84 95 92 96 95
78 104 103 95 116 88 109 105 86 132 104
98 85 98 79 107 111 104 103 78 79 121
92 114 119 115 100 113 110 92 112 91 91
98 96 116 79 101 103 100 116 98 113 86
79 75 84 74 89 92 108 101 98 89 118
95 105 110 98 89 125 100 90 113 105 94
84 93 76 82 102 92 113 116 103 107 100
[/map]


Simulation: 10
Layer name: layer0
Generation: 13000

[map]
95 79 95 105 100 92 108 96 96 99 98
77 113 102 85 116 115 107 106 104 104 61
110 93 91 104 115 90 107 85 108 97 112
79 89 94 87 109 86 106 112 113 108 62
73 97 106 115 98 104 70 101 68 128 100
86 103 83 96 97 64 103 95 86 100 95
94 68 119 98 85 88 98 77 91 106 84
106 102 111 78 111 113 89 107 104 91 86
111 105 115 106 77 90 123 97 87 71 90
87 87 105 94 96 118 90 123 90 91 115
89 89 100 94 82 112 96 99 124 94 76
[/map]


