Simulation: 9
Layer name: layer0
Generation: 12000

[map]
88 72 109 119 108 83 111 89 111 101 93
101 69 107 96 97 78 107 89 89 80 107
100 90 81 97 95 95 99 109 90 85 85
123 122 75 88 84 95 120 88 98 98 80
107 98 97 101 79 77 123 94 97 80 90
109 97 110 105 88 100 85 91 115 112 85
127 127 118 71 79 96 113 100 88 109 84
101 87 101 93 96 80 88 86 98 102 90
95 117 117 118 119 64 119 82 98 110 88
105 110 81 74 99 100 126 96 81 103 107
107 96 107 94 105 117 118 100 92 92 118
[/map]


Simulation: 9
Layer name: layer0
Generation: 12500

[map]
106 110 102 101 108 87 87 71 84 94 104
90 87 104 90 82 76 100 109 96 85 90
116 108 81 99 102 111 90 122 117 106 100
104 101 83 105 92 99 85 57 72 112 96
88 82 91 104 96 116 89 122 102 97 141
93 90 111 96 94 107 123 92 100 98 99
100 106 84 102 112 113 118 129 104 89 90
110 79 112 109 89 97 94 98 86 69 81
103 107 93 80 103 103 67 120 109 119 93
97 88 90 111 113 71 108 99 102 79 90
121 98 90 117 113 93 77 103 86 124 95
[/map]


Simulation: 9
Layer name: layer0
Generation: 13000

[map]
111 91 107 111 81 110 101 120 121 107 105
93 114 102 100 126 90 113 108 100 111 94
112 96 76 91 107 104 112 97 83 108 110
110 105 85 110 92 87 126 70 85 113 74
98 108 131 73 133 99 88 75 80 94 106
85 99 110 87 97 141 96 87 108 87 84
98 97 125 92 95 80 74 107 86 87 105
104 94 97 75 93 90 119 81 105 76 111
97 104 96 93 111 130 77 87 82 109 101
114 113 78 101 96 135 98 90 87 90 95
91 89 106 90 68 101 100 86 90 81 92
[/map]


