Simulation: 7
Layer name: layer0
Generation: 12000

[map]
97 84 85 99 111 98 105 101 108 93 116
93 75 83 79 132 105 85 111 99 102 117
106 88 93 100 92 100 100 103 120 100 101
95 109 87 97 110 96 107 98 96 86 110
77 97 105 108 113 80 123 91 119 97 110
106 96 108 81 75 109 89 112 113 105 72
85 116 103 112 90 96 81 93 96 110 131
121 96 119 114 92 100 123 123 112 111 97
108 104 95 93 98 90 96 106 84 107 77
106 110 71 84 108 123 67 62 92 108 83
86 108 102 106 125 113 145 89 101 79 111
[/map]


Simulation: 7
Layer name: layer0
Generation: 12500

[map]
103 101 105 113 100 112 95 108 98 95 87
96 92 84 130 91 80 50 111 82 98 117
99 105 91 124 78 92 103 104 88 96 115
81 90 79 115 98 109 106 101 98 97 111
89 94 109 102 92 91 92 91 115 111 111
98 110 78 96 85 96 112 94 95 92 104
91 131 99 74 104 105 103 104 93 104 106
106 108 90 118 95 75 94 84 93 120 99
84 105 85 91 71 86 101 78 95 110 88
99 109 110 93 83 101 106 83 98 123 98
92 98 145 103 91 106 76 96 86 98 86
[/map]


Simulation: 7
Layer name: layer0
Generation: 13000

[map]
99 106 100 84 94 68 77 98 79 91 86
100 111 86 88 100 96 76 126 98 90 97
76 98 92 101 100 115 129 112 95 123 97
124 101 95 115 100 103 126 104 77 82 102
98 104 124 85 76 91 113 92 94 93 106
105 95 89 100 108 104 105 91 104 102 96
88 97 102 123 86 71 69 84 103 89 112
103 110 112 91 96 88 83 94 103 93 104
94 98 101 113 91 107 110 91 100 91 107
95 69 76 102 102 115 134 89 81 103 108
96 107 76 90 93 125 87 91 89 118 100
[/map]


