Simulation: 3
Layer name: layer0
Generation: 12000

[map]
95 104 129 102 103 123 113 81 109 109 84
89 104 84 86 84 81 106 102 105 98 101
103 112 100 97 109 95 87 78 95 89 90
113 89 83 81 115 94 125 88 63 90 107
104 113 95 96 87 99 100 90 103 93 113
83 88 99 112 92 103 85 117 83 108 99
96 86 106 98 84 45 105 92 78 104 71
110 113 115 111 93 114 128 105 100 99 93
101 114 104 104 82 94 104 88 97 93 108
106 123 84 102 120 86 107 89 96 118 126
104 98 92 115 85 113 89 89 104 78 93
[/map]


Simulation: 3
Layer name: layer0
Generation: 13000

[map]
69 91 94 118 83 95 81 111 106 80 85
102 74 107 90 77 104 115 113 94 78 70
93 88 93 108 107 86 82 100 97 77 100
103 100 101 88 118 103 92 108 105 88 96
93 85 94 91 110 115 92 100 87 105 99
87 100 98 88 99 98 133 110 106 102 85
85 102 99 93 85 93 97 108 84 79 69
73 99 82 82 79 124 110 82 105 90 108
92 106 88 90 82 109 107 106 105 104 90
110 80 102 106 103 99 117 114 94 103 115
92 115 116 96 92 85 99 118 121 72 97
[/map]


