Simulation: 6
Layer name: layer0
Generation: 12000

[map]
98 130 90 88 65 92 94 89 90 90 98
84 122 120 121 79 105 107 85 92 97 75
109 98 74 104 108 103 98 110 101 90 105
87 84 107 88 115 117 98 109 98 100 93
111 86 82 108 97 83 83 85 116 107 101
87 106 108 121 87 106 75 115 94 107 105
87 118 100 82 100 85 80 71 92 64 95
100 112 79 95 138 70 89 109 111 98 105
74 102 90 105 93 109 85 77 95 107 114
110 116 102 88 83 101 84 95 96 83 86
97 120 96 110 126 122 86 99 90 78 91
[/map]


Simulation: 6
Layer name: layer0
Generation: 12500

[map]
96 114 100 101 114 109 94 108 91 69 101
89 77 99 109 92 74 88 99 87 103 129
118 103 92 94 93 78 75 123 91 111 100
101 90 91 78 97 90 96 94 89 101 117
104 104 92 121 104 100 107 101 97 119 99
77 101 103 136 114 112 87 113 95 99 77
81 88 104 110 92 90 133 116 79 62 94
93 103 103 94 87 86 84 120 87 115 97
101 80 96 122 85 84 112 81 100 116 114
92 81 115 113 85 99 86 88 99 125 102
123 106 84 101 122 85 126 92 108 58 117
[/map]


Simulation: 6
Layer name: layer0
Generation: 13000

[map]
122 88 122 97 91 87 110 96 121 106 84
86 115 111 119 102 112 128 86 86 100 105
81 86 109 80 107 96 98 111 94 113 94
96 105 114 97 109 124 103 90 95 78 84
104 80 96 106 110 83 114 78 81 85 98
85 105 106 99 91 101 88 110 74 107 95
112 94 123 96 112 63 101 91 103 87 101
104 95 96 97 92 107 97 97 103 91 111
85 116 79 110 115 103 89 107 104 78 93
70 92 98 118 112 92 108 126 114 90 102
106 98 82 110 79 110 98 133 91 117 110
[/map]


