Simulation: 4
Layer name: layer0
Generation: 12000

[map]
106 101 92 90 106 101 104 105 103 95 121
81 103 101 124 87 118 93 103 108 115 85
102 108 95 75 79 96 97 100 90 98 98
112 109 107 93 104 102 103 70 100 111 100
104 107 85 102 83 81 95 105 111 104 97
124 96 98 79 65 81 66 85 89 98 105
122 89 78 79 115 117 86 95 88 68 107
112 106 92 85 100 102 87 115 128 84 107
87 87 102 103 103 138 104 74 128 94 82
93 104 92 85 100 100 82 78 116 96 93
109 74 87 92 89 117 118 105 95 120 84
[/map]


Simulation: 4
Layer name: layer0
Generation: 13000

[map]
82 112 104 83 86 94 107 97 93 88 83
103 109 85 89 88 87 106 97 109 108 98
79 84 106 89 130 87 89 84 88 104 85
102 103 100 97 100 99 97 110 87 80 86
97 106 89 125 113 113 124 119 107 99 110
104 109 110 99 97 90 98 103 93 102 104
93 105 71 80 101 99 104 102 87 106 101
98 101 124 87 113 95 92 115 91 93 81
114 82 106 110 95 126 102 86 87 82 82
95 116 93 91 87 78 93 107 106 114 81
91 100 104 143 112 108 79 102 85 113 98
[/map]


