Simulation: 3
Layer name: layer0
Generation: 12000

[map]
110 115 87 93 81 97 126 107 108 108 99
98 87 105 85 107 88 97 107 105 101 107
76 114 113 98 100 106 119 123 105 122 116
111 105 107 123 103 89 93 80 94 122 110
104 103 98 82 99 98 109 118 96 75 106
96 112 96 132 110 112 103 82 100 95 118
117 91 117 72 99 109 89 140 82 101 56
83 100 105 80 100 99 81 87 99 116 76
74 96 85 88 113 87 91 105 90 81 95
111 95 118 55 83 103 96 85 82 83 100
92 84 126 88 92 83 86 99 114 109 117
[/map]


Simulation: 3
Layer name: layer0
Generation: 13000

[map]
91 87 112 92 91 133 104 96 88 87 95
92 136 110 94 89 81 99 112 89 102 93
100 98 94 89 75 91 111 90 84 96 93
115 79 100 107 76 93 119 99 76 87 101
82 85 100 94 92 122 95 96 74 103 92
97 97 104 136 109 92 108 82 97 97 84
89 100 108 133 120 83 78 102 78 89 86
96 99 103 92 94 85 90 94 94 98 106
104 81 111 113 102 105 93 70 107 103 90
121 85 120 104 109 87 105 142 86 102 106
89 75 99 82 105 109 101 116 110 87 90
[/map]


