Simulation: 7
Layer name: layer0
Generation: 12000

[map]
97 90 95 106 118 110 69 91 119 104 96
132 108 89 126 116 115 109 96 100 90 95
96 90 91 91 113 104 64 91 106 71 72
117 82 83 107 115 83 132 79 97 95 80
97 104 120 122 104 111 111 104 106 105 72
85 97 104 103 102 67 84 121 94 112 89
103 79 90 117 104 98 87 132 90 70 89
107 125 81 106 121 100 108 107 89 112 92
79 86 99 91 123 72 75 99 110 86 73
95 79 109 116 98 79 82 97 106 106 72
102 80 88 90 85 83 84 72 119 78 76
[/map]


Simulation: 7
Layer name: layer0
Generation: 12500

[map]
90 99 103 96 113 102 95 112 93 128 85
113 106 105 115 97 82 124 98 103 97 95
92 117 95 115 107 105 91 82 110 97 102
108 79 94 74 95 87 92 85 81 110 112
90 113 104 108 98 94 90 95 82 102 83
124 96 77 104 108 68 101 79 86 121 118
101 100 104 82 109 91 91 94 113 81 98
86 100 115 99 104 104 97 73 100 85 95
94 92 110 73 83 99 96 101 101 102 70
94 88 97 104 79 112 120 98 114 90 104
106 103 84 102 111 87 92 114 95 94 107
[/map]


Simulation: 7
Layer name: layer0
Generation: 13000

[map]
91 105 127 98 98 78 106 87 76 112 115
100 96 85 94 90 125 108 77 110 110 105
87 92 109 128 87 106 76 87 105 128 107
82 100 56 83 91 121 99 95 90 91 114
111 94 94 83 109 113 94 85 98 109 110
83 105 83 99 103 79 110 91 107 86 84
92 87 72 102 89 106 88 92 97 59 105
103 123 109 94 84 97 77 94 59 91 126
100 111 104 77 102 83 80 99 90 105 109
105 82 85 94 103 89 90 75 79 112 112
96 75 90 102 106 74 105 80 117 111 112
[/map]


