Simulation: 7
Layer name: layer0
Generation: 12000

[map]
93 89 87 95 97 106 87 84 102 85 70
112 108 80 103 117 101 87 69 94 93 151
88 92 107 118 94 91 102 78 83 105 113
85 112 93 87 126 110 104 108 114 109 85
103 91 78 101 97 103 114 105 119 101 122
123 104 95 119 101 80 89 107 97 108 98
94 96 79 89 96 79 91 91 113 76 92
125 103 77 106 101 78 94 77 104 63 88
75 108 115 112 100 81 121 124 109 98 116
107 89 98 95 112 98 105 83 109 109 92
95 109 93 80 123 64 96 91 106 115 117
[/map]


Simulation: 7
Layer name: layer0
Generation: 12500

[map]
93 96 95 130 98 91 68 110 92 104 107
108 99 88 119 112 78 96 101 96 95 88
113 109 115 136 118 90 96 91 101 80 90
89 107 96 105 104 93 116 91 114 77 110
95 85 88 86 101 92 86 106 78 77 103
104 89 102 110 73 102 84 81 90 109 97
103 110 88 91 124 109 93 118 83 109 104
95 109 128 98 109 88 110 107 97 107 101
89 95 100 96 116 109 78 96 106 114 90
89 95 116 89 108 97 89 99 89 105 120
82 99 118 104 138 103 102 102 108 87 92
[/map]


Simulation: 7
Layer name: layer0
Generation: 13000

[map]
101 116 108 112 83 93 97 109 129 83 95
82 99 78 82 104 112 89 113 96 113 91
76 112 91 96 82 102 99 102 94 101 90
107 118 101 95 98 103 106 109 98 88 107
85 88 84 104 97 126 95 100 104 86 119
99 91 79 92 104 89 101 101 107 104 98
113 106 110 108 93 95 98 96 95 125 88
103 107 107 104 90 83 93 95 80 101 96
98 119 118 101 98 86 111 94 111 89 96
99 123 110 94 89 99 104 101 115 116 117
107 98 110 120 99 86 92 99 105 93 104
[/map]


