Simulation: 8
Layer name: layer0
Generation: 12000

[map]
108 106 96 119 92 91 97 95 100 107 97
103 82 84 109 99 113 96 99 77 94 99
100 102 86 91 95 102 86 92 96 131 120
84 88 91 91 91 90 80 73 84 107 106
101 111 92 83 104 102 84 86 94 102 86
119 92 110 105 113 108 93 93 103 112 114
68 108 110 111 78 92 68 132 102 115 104
119 103 110 92 83 85 92 80 101 92 86
98 115 111 95 101 82 85 90 85 116 91
112 111 90 105 98 86 95 115 82 108 116
100 99 105 105 107 123 103 108 94 97 115
[/map]


Simulation: 8
Layer name: layer0
Generation: 13000

[map]
89 110 114 95 96 104 105 89 90 97 86
78 83 88 85 86 109 81 98 97 90 81
95 125 88 129 102 95 92 109 111 94 102
93 93 92 110 83 90 97 96 84 95 108
82 115 106 97 124 87 73 111 110 97 104
108 114 107 131 101 110 90 91 92 94 94
94 117 106 79 96 109 94 101 112 115 97
104 72 108 86 96 102 97 99 98 117 100
99 87 94 86 78 70 88 110 90 84 98
89 94 83 107 92 84 117 107 74 114 127
94 101 133 99 96 101 81 85 97 90 103
[/map]


