Simulation: 9
Layer name: layer0
Generation: 12000

[map]
118 124 88 92 90 99 87 87 106 90 113
120 109 88 113 107 93 113 95 103 102 99
114 103 88 82 120 84 106 98 79 119 75
87 109 102 94 95 106 97 93 90 94 111
88 108 119 87 79 112 110 106 119 89 105
100 106 89 100 93 105 114 87 76 89 111
109 92 84 85 98 102 115 121 110 112 76
114 96 96 107 84 95 131 116 124 106 130
104 95 104 90 98 111 117 87 117 111 105
119 117 113 102 124 105 97 88 105 109 97
95 107 77 104 102 71 104 91 75 113 97
[/map]


Simulation: 9
Layer name: layer0
Generation: 13000

[map]
121 91 110 81 101 98 92 78 113 110 94
85 75 100 105 110 112 104 100 123 105 103
89 98 96 109 98 100 74 86 73 87 90
92 118 84 97 93 110 122 125 118 105 90
132 118 80 101 90 121 120 105 128 135 92
103 89 78 111 76 94 110 102 101 105 92
99 110 103 88 123 89 96 97 84 120 120
81 109 112 93 122 92 114 84 84 105 116
107 117 93 104 115 70 116 105 71 106 87
105 103 95 94 111 101 93 97 99 106 107
79 91 88 90 112 98 103 112 112 109 133
[/map]


