Simulation: 4
Layer name: layer0
Generation: 12000

[map]
91 88 124 92 118 81 81 98 110 77 100
118 76 88 79 93 96 80 98 95 120 113
100 99 95 91 83 88 112 75 95 105 102
94 104 89 113 91 107 82 92 121 79 122
101 100 95 122 102 103 89 82 86 90 81
122 100 106 101 125 123 94 97 112 85 85
92 82 95 88 93 116 84 105 121 87 115
95 116 89 76 88 87 88 110 93 83 90
111 113 106 108 117 108 96 95 85 81 85
100 100 80 129 90 97 96 85 85 91 103
101 80 73 108 116 132 82 100 125 71 98
[/map]


Simulation: 4
Layer name: layer0
Generation: 13000

[map]
107 86 107 90 102 93 78 88 78 60 102
103 62 81 104 98 104 107 89 109 110 106
90 106 103 90 106 126 125 98 65 100 101
102 95 105 88 107 102 68 77 86 77 70
99 101 93 116 94 96 127 118 98 79 95
100 109 82 105 98 82 79 124 107 113 98
101 77 89 105 91 94 87 124 98 94 126
112 122 113 85 81 106 109 111 94 108 86
123 81 103 73 80 84 99 110 114 122 88
81 86 112 111 112 110 104 77 110 103 104
111 82 90 103 115 117 112 91 111 117 85
[/map]


