Simulation: 8
Layer name: layer0
Generation: 12000

[map]
103 93 106 88 87 120 101 112 102 122 83
107 92 112 74 98 112 75 146 95 108 89
68 72 88 117 85 85 81 85 101 108 106
79 78 99 95 80 93 100 92 77 91 80
89 90 92 98 73 99 96 105 111 115 88
84 123 93 129 105 92 97 110 91 90 111
100 150 86 97 112 109 110 91 76 76 76
111 104 83 104 113 92 111 91 62 115 101
95 87 122 101 96 79 94 114 111 97 104
109 92 127 110 93 114 98 95 97 98 106
85 108 90 80 96 117 112 95 103 72 113
[/map]


Simulation: 8
Layer name: layer0
Generation: 13000

[map]
99 144 118 88 120 114 107 66 116 88 105
95 119 101 89 100 97 100 83 89 83 98
101 94 105 82 83 90 100 93 88 97 95
105 91 101 89 102 114 89 96 89 55 109
93 99 88 140 89 121 76 117 86 103 113
103 105 87 103 120 101 70 104 103 122 99
102 103 99 106 100 86 96 78 102 106 101
107 81 112 100 83 92 90 100 108 102 111
134 83 102 126 106 93 95 84 96 95 119
105 87 105 112 88 97 103 101 90 114 103
92 98 108 88 101 105 98 105 82 99 101
[/map]


