Simulation: 6
Layer name: layer0
Generation: 12000

[map]
80 88 80 97 100 94 82 111 110 106 109
98 90 90 96 86 84 74 111 69 82 104
103 110 80 106 93 92 109 91 114 111 88
120 97 120 88 110 95 76 93 122 97 93
78 92 100 104 71 96 101 87 87 75 74
75 118 104 90 112 88 98 99 88 99 90
103 77 114 113 111 90 97 104 102 111 101
89 99 82 113 97 95 98 93 101 123 123
101 76 104 97 91 103 103 71 101 96 89
73 76 115 94 96 95 117 81 95 91 102
81 109 111 101 101 89 89 103 93 90 92
[/map]


Simulation: 6
Layer name: layer0
Generation: 13000

[map]
99 83 74 95 88 93 71 103 93 106 82
78 104 102 92 112 134 115 106 98 110 113
93 85 83 113 80 109 91 76 99 117 90
114 91 105 102 113 103 93 104 90 102 101
117 92 101 90 74 102 102 112 83 110 99
121 114 95 101 101 85 98 85 87 86 111
98 70 90 53 116 101 105 90 101 94 88
91 81 104 103 112 71 102 119 122 99 94
95 94 114 97 115 96 116 89 109 101 80
106 71 123 100 82 95 92 92 91 123 105
101 105 116 91 89 109 119 79 98 81 119
[/map]


