Simulation: 1
Layer name: layer0
Generation: 12000

[map]
99 88 129 109 96 96 86 94 97 108 125
100 95 94 112 91 94 103 84 103 94 116
106 91 97 78 101 107 93 96 92 95 77
96 82 81 123 104 103 90 94 77 104 110
77 108 91 91 96 102 100 108 107 96 101
109 104 81 103 104 80 102 118 92 90 83
90 110 117 97 74 103 80 108 88 101 101
122 95 102 124 101 112 64 95 114 99 92
103 80 90 98 126 77 92 103 92 91 135
74 107 78 126 110 66 105 123 109 108 101
112 107 92 115 111 105 113 100 84 110 81
[/map]


Simulation: 1
Layer name: layer0
Generation: 13000

[map]
66 77 87 89 91 97 101 82 109 105 120
115 101 109 110 99 78 91 99 99 101 105
99 75 108 74 105 96 100 109 87 96 112
94 101 105 72 94 101 87 115 114 101 88
81 91 107 110 130 99 83 99 98 114 100
72 94 96 82 85 85 80 102 86 96 87
124 84 88 101 84 104 83 104 87 73 113
92 112 108 106 71 106 105 82 109 91 101
104 101 115 93 86 86 98 115 94 94 112
85 110 87 78 100 92 122 90 108 106 114
108 81 101 106 75 94 113 107 91 115 93
[/map]


