Simulation: 3
Layer name: layer0
Generation: 12000

[map]
93 118 102 97 93 102 94 89 109 80 98
107 108 96 75 69 98 93 98 81 82 91
106 94 99 96 105 86 84 119 84 94 106
83 99 75 95 84 108 78 100 103 120 88
79 98 80 112 105 92 59 85 93 122 97
127 97 92 96 96 80 97 104 92 109 77
99 108 108 101 84 89 133 111 112 110 109
87 91 88 87 92 95 70 72 97 86 103
96 83 81 85 113 112 89 77 108 93 120
89 81 102 99 103 95 100 98 91 87 80
109 77 102 100 100 89 96 94 106 103 67
[/map]


Simulation: 3
Layer name: layer0
Generation: 13000

[map]
104 106 74 116 104 107 94 105 133 96 105
97 85 109 103 124 88 70 118 132 93 74
87 101 118 105 86 117 106 90 93 93 110
106 112 118 134 87 118 82 110 115 102 96
105 83 120 99 108 92 106 100 113 112 116
123 91 135 90 94 97 89 119 79 96 90
128 103 110 88 74 115 87 86 88 97 129
120 92 100 107 89 101 105 113 96 120 72
103 118 111 99 77 103 102 87 120 109 108
86 100 122 99 102 94 100 97 103 92 101
93 86 121 94 105 119 106 98 128 114 71
[/map]


