Simulation: 4
Layer name: layer0
Generation: 12000

[map]
100 112 96 96 103 76 84 80 89 78 89
84 103 71 95 102 87 66 92 82 92 92
92 113 95 95 122 117 95 85 84 102 92
110 113 77 57 110 90 76 125 86 112 115
95 109 103 87 91 99 95 93 101 92 112
85 89 75 111 78 87 117 105 96 86 96
102 93 71 108 95 87 111 94 112 96 81
126 104 105 81 117 95 84 107 113 100 100
79 87 111 118 92 109 97 119 100 86 97
108 109 90 107 110 93 94 114 101 98 95
106 101 67 101 105 84 102 104 88 85 89
[/map]


Simulation: 4
Layer name: layer0
Generation: 13000

[map]
80 101 96 91 97 90 93 90 84 103 70
104 103 91 87 106 106 97 94 115 95 84
111 85 98 94 102 88 99 117 120 114 87
93 106 109 98 96 119 101 110 110 109 105
94 107 99 77 103 97 92 101 63 102 87
104 87 97 95 90 103 97 91 98 110 101
97 79 95 98 104 102 92 94 89 90 110
102 86 78 91 80 137 130 99 83 105 101
111 93 93 114 86 101 100 87 108 117 111
125 103 87 82 67 91 83 86 86 110 108
105 94 105 88 93 105 105 103 85 81 85
[/map]


