Simulation: 1
Layer name: layer0
Generation: 12000

[map]
101 90 85 100 88 103 118 101 87 85 93
97 91 109 106 107 91 105 96 103 87 58
110 127 112 94 109 86 89 88 77 86 130
101 120 108 99 121 116 111 99 114 109 73
88 91 104 117 90 99 113 102 90 111 116
70 93 86 116 96 118 111 98 98 102 119
99 97 107 77 126 97 108 74 90 79 115
98 99 97 94 111 78 92 118 136 89 85
118 85 110 90 90 105 95 113 105 103 117
99 117 80 108 94 100 78 105 98 130 101
101 98 91 77 93 111 121 92 84 77 80
[/map]


Simulation: 1
Layer name: layer0
Generation: 13000

[map]
77 105 92 92 79 100 84 89 118 84 110
111 120 74 84 86 77 118 106 116 99 108
93 85 78 93 91 121 90 80 113 107 85
110 104 83 107 88 88 112 72 90 100 92
102 81 109 102 98 103 107 108 119 93 85
76 88 89 89 75 104 97 90 79 84 103
92 101 97 96 100 108 87 87 94 107 103
111 91 108 105 84 100 112 108 114 85 111
133 86 69 101 91 97 92 109 87 104 88
91 100 129 76 108 106 102 132 126 91 90
88 98 107 103 90 103 84 94 88 111 100
[/map]


