Simulation: 10
Layer name: layer0
Generation: 12000

[map]
79 105 80 112 115 84 113 91 108 95 108
80 62 97 81 87 99 72 106 78 85 114
102 79 97 98 113 93 97 107 101 114 122
119 117 97 118 106 82 82 110 99 80 128
97 109 109 98 87 108 105 100 93 115 85
119 116 121 102 109 81 118 109 102 83 119
96 84 104 99 100 103 72 108 72 68 88
115 72 95 112 79 94 94 117 104 82 111
94 87 123 73 91 90 102 116 113 102 102
94 102 98 88 96 98 94 90 113 101 102
81 99 78 72 127 105 109 99 88 78 107
[/map]


Simulation: 10
Layer name: layer0
Generation: 13000

[map]
104 86 122 114 96 98 99 89 103 96 99
90 90 107 113 93 96 100 92 97 99 118
117 115 101 100 106 104 85 108 111 85 80
116 83 99 99 113 88 107 100 86 115 107
102 99 107 90 107 91 119 87 97 103 121
94 121 74 93 101 92 107 97 114 105 91
102 110 86 112 98 85 114 116 126 85 77
113 120 79 117 83 107 114 90 98 112 101
78 116 101 95 108 109 97 102 78 90 100
107 98 106 101 107 83 105 92 101 70 102
99 126 92 77 110 103 105 87 81 94 116
[/map]


