Simulation: 1
Layer name: layer0
Generation: 12000

[map]
71 97 94 113 81 99 89 109 107 79 82
104 99 117 86 104 98 104 103 128 79 81
97 129 132 119 103 120 95 104 80 121 122
101 88 104 93 113 75 122 121 80 109 86
98 114 75 110 101 87 105 87 102 128 105
91 120 98 125 114 90 55 102 120 81 51
97 95 82 122 112 87 73 109 71 86 117
70 114 100 101 109 109 101 90 85 106 117
78 70 115 83 89 124 126 107 108 106 101
102 106 114 90 103 111 91 92 93 106 110
95 99 94 100 88 83 106 102 91 91 85
[/map]


Simulation: 1
Layer name: layer0
Generation: 12500

[map]
113 103 79 99 89 88 87 99 114 102 113
124 117 92 90 107 94 75 93 107 104 110
103 86 98 100 95 79 99 122 109 127 116
94 105 105 96 99 110 84 104 99 110 111
72 82 104 93 111 102 93 90 111 116 107
105 119 81 110 64 75 100 85 87 99 109
100 91 98 90 89 72 75 95 109 114 101
76 96 81 108 95 111 100 99 98 110 114
97 102 95 69 105 79 91 119 64 115 106
91 79 106 111 100 98 89 88 93 80 83
119 107 87 95 103 65 73 88 84 117 99
[/map]


Simulation: 1
Layer name: layer0
Generation: 13000

[map]
137 111 90 92 78 91 85 110 75 94 115
96 91 78 111 88 94 100 85 89 100 105
99 85 93 106 117 95 96 102 104 115 104
75 118 85 127 87 98 92 95 71 101 90
90 111 98 74 72 98 99 87 94 92 91
117 118 95 108 92 123 78 103 91 79 97
77 110 89 88 94 97 84 100 120 73 103
94 90 125 104 100 122 84 76 96 115 114
96 108 109 105 108 93 76 130 81 103 114
94 112 105 103 96 72 109 114 106 86 113
128 96 125 122 95 101 115 108 102 95 70
[/map]


