Simulation: 8
Layer name: layer0
Generation: 12000

[map]
88 101 86 88 88 91 89 95 100 97 99
100 95 119 78 107 110 135 107 122 90 103
85 94 118 111 87 110 89 99 107 95 87
102 121 122 115 104 93 112 76 100 59 95
113 117 97 114 90 75 98 100 71 107 97
106 109 114 86 94 97 117 108 94 108 97
107 105 102 108 95 90 122 128 98 94 94
106 112 143 127 110 115 112 80 123 91 90
110 106 104 111 103 107 90 93 95 100 86
100 97 73 82 101 105 102 106 97 94 93
89 88 87 116 88 85 111 74 103 108 92
[/map]


Simulation: 8
Layer name: layer0
Generation: 13000

[map]
116 102 102 93 90 85 105 102 110 122 108
91 88 117 90 123 80 94 82 90 102 84
90 93 94 111 115 105 92 86 102 104 102
96 93 94 113 116 100 86 110 107 79 101
88 96 96 93 87 107 98 106 89 95 94
100 66 107 118 106 88 106 86 97 74 106
87 101 71 123 93 100 88 96 104 84 83
94 120 103 84 90 110 109 99 112 78 111
108 102 108 112 111 109 109 87 84 114 131
73 73 131 95 120 98 83 106 96 90 114
125 105 108 119 57 85 98 74 91 95 89
[/map]


