Simulation: 3
Layer name: layer0
Generation: 12000

[map]
100 88 79 84 79 88 115 93 80 116 94
87 85 92 92 87 82 105 125 94 108 100
96 95 107 96 108 101 107 103 72 98 101
127 90 105 130 98 85 84 92 120 75 121
100 87 87 120 113 91 107 110 79 94 119
122 91 109 98 108 97 83 102 102 92 108
71 109 107 92 103 98 102 80 91 101 107
107 105 73 127 116 90 105 103 116 81 84
108 83 108 98 113 95 108 121 100 107 92
128 111 112 100 97 99 85 95 106 127 85
106 99 87 120 76 111 99 104 83 95 90
[/map]


Simulation: 3
Layer name: layer0
Generation: 13000

[map]
86 101 78 121 82 113 122 102 120 108 78
82 83 84 118 90 97 102 88 95 114 85
87 91 105 70 87 105 66 83 79 111 119
107 71 90 82 105 101 84 104 66 96 103
102 104 99 118 103 88 125 94 116 91 89
81 107 88 76 106 116 121 121 97 77 108
103 107 122 104 84 109 117 71 89 102 110
109 89 106 94 87 121 89 116 103 108 127
117 87 106 90 100 94 123 121 99 120 117
87 72 78 100 112 101 96 87 91 116 112
112 102 114 91 113 102 92 129 120 124 99
[/map]


