Simulation: 10
Layer name: layer0
Generation: 12000

[map]
100 102 87 114 108 86 124 106 81 79 92
75 105 107 120 106 88 96 113 87 88 122
86 105 72 108 104 99 107 84 120 108 84
101 102 96 90 99 108 86 82 100 110 94
99 116 102 93 101 96 95 106 108 106 102
103 91 111 97 86 100 86 100 100 109 92
80 102 112 77 84 88 129 67 116 111 102
105 93 86 72 100 80 93 100 103 132 101
83 113 112 113 107 78 95 104 108 121 96
132 107 96 110 90 110 102 83 117 124 123
78 84 103 100 91 75 102 86 78 80 85
[/map]


Simulation: 10
Layer name: layer0
Generation: 13000

[map]
87 100 109 98 128 117 102 70 93 105 84
104 96 102 102 116 91 70 104 99 95 110
127 92 92 104 94 101 98 84 106 95 96
109 92 83 108 106 92 84 105 99 90 93
115 88 104 105 117 114 108 82 100 123 112
78 105 99 115 98 107 117 96 126 106 91
100 74 88 96 78 106 88 90 89 98 92
93 100 87 95 114 96 90 74 104 106 93
110 131 76 117 103 79 115 114 87 106 105
77 101 96 121 111 74 101 94 87 91 89
92 100 125 100 101 109 77 83 82 93 106
[/map]


