Simulation: 3
Layer name: layer0
Generation: 12000

[map]
101 98 75 83 74 111 98 103 90 112 96
89 101 86 106 120 98 80 91 104 87 121
110 111 101 79 104 113 112 91 89 90 102
113 104 103 91 91 89 106 94 97 115 82
83 97 110 109 104 86 116 95 97 107 101
107 80 97 121 114 113 93 127 99 105 102
95 122 84 83 103 121 94 98 100 110 124
105 124 84 109 97 90 95 76 93 87 107
110 105 124 115 111 98 103 114 87 103 88
113 100 99 94 62 98 111 106 87 105 102
95 96 109 131 110 118 111 117 98 100 111
[/map]


Simulation: 3
Layer name: layer0
Generation: 12500

[map]
104 95 112 106 101 85 106 91 99 105 93
104 98 86 130 94 84 95 109 81 99 94
86 109 95 80 80 99 97 107 107 104 99
107 77 96 118 100 96 104 98 78 89 90
92 99 98 75 88 114 105 102 104 92 68
98 95 111 111 116 104 104 96 88 85 112
94 91 65 69 110 114 129 72 132 96 89
112 85 98 98 95 88 103 98 94 123 127
77 95 83 81 108 94 94 95 101 131 111
104 96 114 71 83 111 117 124 97 92 90
117 91 103 89 83 85 91 119 125 70 87
[/map]


Simulation: 3
Layer name: layer0
Generation: 13000

[map]
100 103 111 88 98 103 101 112 99 97 97
107 122 118 96 100 94 68 88 108 74 99
80 89 90 93 88 89 100 78 110 97 95
84 109 92 82 77 130 111 85 97 103 124
94 86 72 101 99 119 110 103 100 100 93
102 90 86 91 112 103 98 98 130 113 108
94 105 100 88 94 98 77 101 79 88 123
91 96 102 97 88 98 111 106 106 88 117
92 85 99 94 77 84 97 105 79 104 76
109 117 83 115 94 97 116 114 81 103 97
93 102 74 90 114 111 94 85 88 95 102
[/map]


