Simulation: 9
Layer name: layer0
Generation: 12000

[map]
106 108 106 98 91 111 104 103 85 90 104
77 88 96 88 111 97 87 123 90 100 87
102 104 98 79 71 94 94 88 98 86 104
121 116 98 56 84 87 101 117 95 105 88
107 105 135 80 97 115 117 91 105 130 100
123 98 109 80 100 89 95 106 96 80 91
80 125 116 116 100 82 116 88 85 112 89
103 71 79 115 116 79 94 95 89 91 112
82 104 103 74 85 84 96 99 99 95 70
89 88 95 68 97 74 94 95 111 66 93
88 93 109 103 97 80 128 69 85 94 84
[/map]


Simulation: 9
Layer name: layer0
Generation: 12500

[map]
99 89 128 95 81 116 88 99 92 105 87
79 102 96 104 92 97 97 107 120 112 109
105 101 88 97 112 81 93 93 108 92 113
110 109 75 75 82 98 87 97 113 83 78
78 95 101 113 89 91 102 126 89 71 94
83 91 97 67 108 73 89 105 103 109 79
95 100 95 99 102 105 114 101 103 102 89
80 97 84 103 91 115 102 110 122 101 105
83 112 93 103 105 70 86 101 121 94 106
103 123 111 80 82 111 103 94 91 99 121
109 113 132 108 102 99 93 104 118 73 88
[/map]


Simulation: 9
Layer name: layer0
Generation: 13000

[map]
91 105 107 93 105 101 88 89 89 92 113
123 89 94 95 107 98 91 76 88 98 75
95 85 93 100 109 93 106 79 98 114 111
91 109 98 99 103 82 95 122 101 101 108
108 90 69 86 93 75 109 111 98 101 91
68 102 89 111 73 80 104 104 95 97 101
88 74 84 84 87 114 115 88 84 116 118
77 92 111 79 83 117 104 93 97 93 87
97 91 124 112 92 78 116 92 100 95 103
88 53 75 124 101 116 101 95 106 109 103
103 89 107 89 92 84 116 85 89 113 118
[/map]


