Simulation: 2
Layer name: layer0
Generation: 12000

[map]
110 89 86 91 96 100 97 95 107 113 117
70 99 97 86 77 112 117 93 67 105 119
76 104 112 95 110 103 90 93 115 86 86
85 106 94 110 100 106 100 96 85 115 124
102 94 107 88 95 79 85 96 90 112 86
106 113 87 93 96 123 99 101 97 99 80
108 83 91 90 109 97 104 113 96 92 116
124 116 90 91 103 95 113 104 96 93 108
115 79 85 86 111 105 84 94 117 79 82
68 86 72 101 93 111 106 90 131 106 83
82 110 88 114 102 116 104 88 88 94 66
[/map]


Simulation: 2
Layer name: layer0
Generation: 12500

[map]
88 85 95 97 117 63 91 95 85 70 84
82 95 90 88 87 95 95 99 102 100 103
116 112 80 102 110 119 88 90 126 84 102
89 137 55 128 88 93 77 70 88 84 106
105 95 103 93 81 97 75 113 80 102 89
91 108 92 96 105 118 111 74 95 86 97
92 84 102 87 64 96 98 83 94 123 70
97 90 92 112 84 76 94 125 103 103 89
73 80 106 77 87 106 91 98 99 102 87
96 62 117 92 92 89 78 86 102 87 87
111 98 104 116 105 105 111 105 102 110 117
[/map]


Simulation: 2
Layer name: layer0
Generation: 13000

[map]
101 89 104 93 87 116 123 101 121 102 93
89 102 103 100 104 126 104 90 93 110 105
104 102 84 80 97 74 102 97 107 90 86
103 103 82 93 95 99 87 107 109 95 108
113 105 104 63 123 83 98 93 102 118 104
100 80 114 104 87 104 101 91 101 101 109
98 105 99 100 119 96 104 117 95 118 116
86 105 117 102 81 102 102 103 101 101 85
92 98 90 100 120 76 98 82 90 88 83
113 113 92 115 88 95 89 112 85 84 100
107 79 121 89 80 119 92 106 118 116 108
[/map]


