Simulation: 8
Layer name: layer0
Generation: 12000

[map]
63 99 99 98 80 73 87 110 61 83 118
93 103 101 99 99 107 73 102 117 90 117
104 94 116 106 117 96 110 88 101 88 86
107 111 96 106 102 107 67 96 103 122 88
105 94 80 74 111 81 93 94 96 93 90
118 111 96 108 112 54 87 97 89 116 85
119 111 101 89 111 56 113 108 100 116 87
83 98 105 79 98 89 101 104 116 79 104
93 105 118 83 116 96 96 121 105 81 97
105 101 90 97 98 90 62 113 97 126 116
101 108 87 121 124 113 122 87 91 84 97
[/map]


Simulation: 8
Layer name: layer0
Generation: 12500

[map]
88 94 113 96 94 98 89 100 83 85 82
99 108 93 87 108 81 99 120 123 86 90
80 92 126 96 85 103 102 79 107 110 107
101 120 67 92 105 100 92 95 108 80 97
83 103 90 97 99 90 122 132 95 112 118
95 108 77 97 115 91 103 97 97 108 86
103 102 86 82 115 109 112 94 108 117 104
105 88 96 106 103 107 113 105 84 87 87
93 86 90 95 95 94 121 121 92 93 97
84 100 96 110 95 104 103 116 100 84 88
76 123 91 93 106 109 115 136 118 85 98
[/map]


Simulation: 8
Layer name: layer0
Generation: 13000

[map]
86 106 128 80 107 81 95 91 104 101 110
75 94 108 74 132 106 101 104 101 97 101
116 100 94 100 104 107 91 95 100 84 96
110 87 92 87 78 90 98 75 96 108 86
94 91 110 88 100 74 103 118 74 95 81
111 72 94 85 98 116 84 93 94 80 97
84 90 95 102 111 97 91 101 103 86 96
96 97 88 106 87 100 92 101 88 116 87
110 91 81 117 87 102 80 97 98 114 98
86 101 109 107 116 96 112 103 86 123 133
72 80 71 107 96 98 106 126 100 109 114
[/map]


