Simulation: 9
Layer name: layer0
Generation: 12000

[map]
71 75 102 106 99 107 100 92 79 105 94
85 96 106 117 118 109 98 111 74 101 109
108 78 103 111 76 91 104 105 88 116 97
116 107 91 103 91 110 83 105 121 90 110
93 95 102 120 87 110 109 76 112 108 112
94 111 110 114 95 98 99 75 104 102 100
108 79 123 86 88 110 96 135 78 97 97
83 110 105 95 108 76 97 96 96 134 102
111 110 107 117 108 82 91 110 91 121 87
95 94 83 88 77 105 90 83 84 102 88
75 96 105 99 78 99 121 89 103 121 125
[/map]


Simulation: 9
Layer name: layer0
Generation: 13000

[map]
89 85 93 120 98 114 91 98 88 101 96
104 83 77 101 108 99 82 96 94 90 109
87 109 89 105 99 90 86 99 73 87 119
86 101 96 109 89 107 101 115 109 101 90
76 97 67 95 84 87 105 101 123 90 73
101 127 106 73 116 95 92 90 114 79 79
80 107 83 83 90 72 105 87 109 105 99
116 114 86 101 105 80 88 111 106 103 90
101 83 102 64 94 96 109 87 104 94 78
101 97 112 108 95 99 101 114 100 140 98
71 89 103 99 105 91 71 86 91 88 108
[/map]


