Simulation: 6
Layer name: layer0
Generation: 12000

[map]
99 102 93 111 102 98 115 94 114 104 104
86 101 96 112 79 98 84 102 111 105 106
128 97 106 117 105 102 97 104 130 104 92
108 78 80 105 115 114 105 102 107 105 68
114 125 94 97 88 86 103 86 102 105 117
105 133 97 106 107 100 87 92 116 92 102
99 61 96 99 84 95 115 83 64 111 90
97 123 117 97 106 102 91 112 102 100 105
103 121 91 101 115 95 88 93 90 80 85
80 110 137 85 79 116 106 107 102 126 92
105 110 111 85 115 111 102 78 97 68 74
[/map]


Simulation: 6
Layer name: layer0
Generation: 13000

[map]
93 88 84 121 105 81 107 101 94 84 106
88 84 70 99 99 98 103 98 93 84 121
87 102 107 86 89 100 81 94 99 99 82
88 100 142 92 80 93 82 108 74 93 106
106 84 95 112 98 106 111 139 78 87 103
104 80 99 90 115 106 101 93 84 98 106
99 119 104 91 99 89 115 96 83 98 95
98 98 109 102 85 116 89 103 85 107 119
84 109 100 94 107 103 130 79 107 95 115
102 78 101 100 97 86 95 103 68 86 76
104 97 96 109 84 92 89 94 100 103 83
[/map]


