Simulation: 10
Layer name: layer0
Generation: 12000

[map]
72 105 95 76 115 118 86 111 104 99 112
114 92 98 127 110 111 105 80 88 87 86
79 109 96 96 109 98 90 101 117 109 99
115 81 113 96 115 94 99 77 95 95 94
95 100 104 71 112 97 79 89 91 95 85
104 92 88 92 84 89 108 82 68 96 87
87 61 99 105 87 105 92 113 84 105 76
102 72 93 76 92 112 91 111 107 106 112
114 120 110 108 96 100 94 107 89 91 93
95 136 94 115 88 86 94 77 85 79 97
84 91 82 88 101 88 111 109 99 103 109
[/map]


Simulation: 10
Layer name: layer0
Generation: 13000

[map]
109 103 81 106 114 106 82 99 96 99 93
90 103 95 112 113 89 85 114 91 109 114
121 108 93 102 110 84 112 100 95 102 127
107 74 116 93 108 72 108 102 104 97 115
124 104 97 114 78 88 95 96 68 91 91
83 122 103 71 123 98 107 86 83 93 98
107 107 88 74 114 84 63 96 101 116 90
108 80 107 117 104 100 82 82 91 97 83
96 114 100 85 104 93 105 98 112 120 91
79 102 117 113 109 108 97 91 108 93 87
108 117 109 99 110 97 115 96 138 89 85
[/map]


