Simulation: 7
Layer name: layer0
Generation: 12000

[map]
106 82 113 104 88 80 101 87 118 74 99
112 93 87 86 103 107 106 79 108 103 106
110 94 92 101 104 100 98 109 97 85 97
87 109 84 83 72 72 105 117 74 100 83
69 112 89 76 93 95 130 118 95 100 84
101 84 105 95 89 112 95 109 81 93 103
118 75 115 108 106 109 125 92 121 79 91
94 109 119 117 90 114 79 84 114 143 86
92 91 117 104 102 95 91 92 97 85 103
105 97 138 94 85 80 83 102 128 104 98
119 108 123 85 107 90 108 91 102 109 92
[/map]


Simulation: 7
Layer name: layer0
Generation: 13000

[map]
98 99 112 86 110 98 115 89 106 102 85
94 116 103 74 96 105 113 101 120 102 111
113 92 73 116 92 97 94 85 118 100 79
85 105 92 76 85 94 91 128 115 89 144
100 99 108 100 81 104 98 111 113 119 111
70 92 105 81 92 106 87 77 91 84 111
91 100 102 107 108 92 103 93 94 79 95
101 114 98 90 83 100 104 87 103 129 117
95 113 113 89 112 80 104 101 87 96 112
119 80 98 102 95 95 84 113 94 119 110
132 93 93 89 97 105 111 131 102 104 117
[/map]


