Simulation: 9
Layer name: layer0
Generation: 12000

[map]
107 102 108 76 102 116 97 100 117 113 74
97 84 84 107 94 82 92 98 109 114 87
81 95 104 122 103 93 98 88 118 106 100
73 111 104 97 119 117 93 106 109 75 99
80 88 105 77 83 94 82 102 102 106 92
87 102 78 96 85 106 131 87 92 98 93
83 99 89 90 87 75 92 109 95 120 108
97 87 112 94 93 84 109 76 102 97 93
83 113 88 114 92 101 67 94 121 82 96
112 92 79 111 105 87 84 117 103 95 117
95 118 89 82 119 88 111 86 93 110 103
[/map]


Simulation: 9
Layer name: layer0
Generation: 13000

[map]
110 86 126 104 83 114 100 89 107 114 90
67 78 93 77 97 127 97 116 88 90 106
70 89 119 99 73 87 72 86 109 111 112
101 94 98 105 95 79 98 119 80 76 101
107 103 96 105 106 105 92 107 87 84 94
75 73 114 89 88 85 85 93 93 85 95
116 95 90 115 91 95 80 125 86 74 127
117 89 108 117 98 95 95 113 115 107 82
88 129 72 93 99 75 104 100 93 102 115
88 113 111 94 108 101 101 95 93 129 105
105 91 119 102 107 108 96 98 92 97 96
[/map]


