Simulation: 5
Layer name: layer0
Generation: 12000

[map]
82 110 84 89 93 98 95 85 68 111 102
79 102 111 92 96 111 77 88 77 126 107
117 121 85 84 93 91 83 116 89 98 73
102 116 125 105 98 97 101 86 116 97 85
112 110 113 89 69 111 102 79 109 101 112
100 96 96 95 110 87 105 114 93 95 104
88 102 85 112 111 93 97 117 99 71 101
112 82 106 111 97 93 95 102 98 101 101
93 128 93 107 118 89 117 124 94 96 91
75 103 107 80 104 95 115 99 109 96 111
99 104 105 120 98 98 89 86 92 109 122
[/map]


Simulation: 5
Layer name: layer0
Generation: 12500

[map]
110 111 81 84 104 93 73 83 79 87 86
79 92 101 93 122 115 107 111 88 102 98
86 121 100 99 109 72 107 82 106 123 109
90 97 109 80 100 103 108 121 115 90 117
82 104 110 97 97 119 132 102 120 112 98
108 84 81 88 129 106 104 97 89 100 85
102 105 122 104 100 86 97 91 106 114 110
116 107 97 109 108 86 64 94 78 95 104
77 94 97 98 90 96 79 98 89 110 97
99 84 103 76 93 111 98 107 100 102 105
83 118 89 111 85 118 117 95 110 109 93
[/map]


Simulation: 5
Layer name: layer0
Generation: 13000

[map]
76 99 104 124 83 85 112 87 105 79 90
87 111 99 118 114 133 89 80 113 83 78
103 99 104 103 75 104 109 83 91 115 113
101 99 102 113 91 93 76 115 95 98 108
83 120 95 102 136 83 94 91 117 81 94
101 96 107 102 96 89 82 109 90 101 128
116 118 123 89 105 120 84 127 98 83 108
111 105 95 79 109 89 93 94 107 106 88
98 93 92 113 94 80 112 98 101 102 82
94 97 103 146 77 76 105 80 107 105 80
106 106 92 106 74 107 81 85 116 94 126
[/map]


