ms 41 1 -t 10 -I 2 15 26 30 
3579 27011 59243

//
segsites: 30
positions: Real data from Chondrostoma lusitanicum (Sousa et al. in press)
000101100001100000011010001111
000101100001100000011010001111
000101100001100000011010001111
000101100001100000011010001111
000101100001100000011010001111
000101100001100000011010001111
000101100001100000011010001111
000101100001100000011010001111
000101100001100000011010001111
000101100001100000011010001111
000101100001100000011010001111
000101100001100010011010001111
000101100001100010011010001111
000101100001100010011010001111
000101100001100000001010011111
000010011000000101000000010000
000010011000000101000000010000
000010011000000101000000010000
000010011000000101000000010000
011001000001100000001110001111
011001000001100000001110001111
011001000001100000001110001111
000010011000010101000001000000
000010011000010101000001000000
000010011000010101000001000000
000010011000010101000001000000
000010011000010101000001000000
000010011000010101000001000000
000010011000010101000001000000
100010011000000101000000010000
100010011000000101000000010000
000010011010010101000001000000
000010011000010101100001000000
000010011100010101000001000000
000010011000010101000001100000
000010011000010101000001100000
000010011000010101000001100000
000010011000010101000001000000
000010011100011101000000000000
000010011100011101000000000000