Simulation: 8
Layer name: layer0
Generation: 12000

[map]
81 106 83 99 130 100 87 95 79 87 77
94 101 75 103 91 118 93 91 99 98 91
80 93 104 101 98 88 101 89 106 106 85
98 126 98 87 127 79 83 81 94 97 101
108 97 97 101 92 111 96 83 55 99 109
108 78 92 91 93 73 107 97 118 93 81
117 118 89 101 84 90 88 101 76 98 97
93 103 75 83 92 111 88 103 94 93 132
109 75 102 103 98 123 154 107 122 90 91
127 72 85 100 98 95 104 83 99 92 87
103 105 96 54 117 99 121 114 80 70 110
[/map]


Simulation: 8
Layer name: layer0
Generation: 13000

[map]
110 100 108 96 79 92 118 97 115 110 107
109 93 95 108 101 104 105 109 111 91 97
111 96 95 101 109 78 99 83 112 86 109
103 97 98 117 132 97 103 135 93 115 114
110 93 107 106 113 115 100 99 110 102 122
79 76 105 95 92 99 103 100 82 87 105
99 90 119 122 70 99 68 91 100 75 100
98 95 116 114 114 88 111 93 121 113 114
87 107 89 89 92 104 78 101 100 66 116
78 83 91 74 99 93 79 91 92 70 100
90 99 66 122 98 87 94 115 98 99 80
[/map]


