Simulation: 1
Layer name: layer0
Generation: 12000

[map]
127 111 113 104 111 72 113 99 112 111 87
113 74 99 98 96 109 110 105 95 81 90
101 101 117 121 129 98 117 104 93 78 98
70 110 87 88 106 107 93 126 115 82 112
100 93 89 102 117 103 86 100 101 93 101
105 114 111 94 95 99 106 73 106 87 114
96 94 77 118 108 113 114 115 102 105 104
104 123 95 98 95 93 93 110 88 112 123
90 106 112 132 97 114 97 89 80 92 87
119 101 97 86 110 113 87 97 92 103 113
134 108 109 108 87 109 115 94 108 102 91
[/map]


Simulation: 1
Layer name: layer0
Generation: 13000

[map]
110 118 109 79 92 110 80 80 87 109 126
89 111 120 80 92 86 115 98 72 79 119
96 106 108 89 71 112 97 85 102 96 92
86 125 117 114 108 109 96 102 95 111 109
103 87 92 91 95 101 109 90 110 106 93
77 104 91 96 116 96 106 91 94 102 100
92 81 109 124 125 94 106 79 102 96 105
98 87 108 96 77 103 86 101 102 93 88
83 103 92 111 85 90 98 112 97 115 105
108 74 80 98 113 79 95 110 102 83 92
120 87 103 114 81 92 113 88 106 87 103
[/map]


