Simulation: 4
Layer name: layer0
Generation: 12000

[map]
110 102 114 123 96 54 110 85 107 93 77
94 89 124 85 107 91 128 92 97 111 85
111 106 131 93 106 83 103 119 96 99 72
103 94 107 100 74 87 110 112 104 98 103
106 121 91 79 86 79 107 94 111 119 102
97 97 86 89 108 75 111 109 112 104 103
91 85 119 80 133 116 109 82 85 92 116
111 118 97 86 90 87 111 89 100 75 99
84 80 111 125 94 113 120 108 96 81 89
114 121 101 91 69 99 112 103 99 95 99
93 119 103 103 71 83 135 100 76 115 120
[/map]


Simulation: 4
Layer name: layer0
Generation: 12500

[map]
95 100 109 107 118 100 79 93 123 92 73
100 88 84 94 100 110 110 113 110 101 109
101 108 126 97 122 112 97 97 93 98 103
126 87 95 87 113 94 101 84 104 108 109
85 87 126 100 87 84 97 95 111 97 95
90 94 109 100 133 118 89 136 115 111 98
97 105 104 106 120 110 92 85 98 82 87
87 100 75 98 84 70 79 72 100 89 87
102 108 95 107 88 99 106 74 90 104 100
99 105 84 96 99 100 109 89 77 81 122
94 119 93 95 98 121 91 75 100 109 93
[/map]


Simulation: 4
Layer name: layer0
Generation: 13000

[map]
82 96 102 101 75 100 90 106 116 90 115
81 75 118 117 69 98 119 100 118 81 123
97 95 99 89 98 78 85 89 98 108 97
85 104 87 97 60 80 128 114 82 115 98
68 101 86 110 115 100 95 91 76 102 98
114 105 79 104 112 103 102 93 109 85 116
125 99 112 98 88 80 108 90 92 77 88
109 92 110 81 95 100 99 110 94 93 102
102 77 98 94 102 87 106 105 117 112 74
100 103 106 94 109 73 87 92 72 128 121
86 121 100 72 88 103 95 98 91 92 102
[/map]


