Simulation: 4
Layer name: layer0
Generation: 12000

[map]
73 83 76 83 107 98 90 95 98 96 77
94 90 109 117 95 94 90 110 97 111 112
112 103 116 93 91 92 107 115 100 74 91
93 112 101 105 100 124 111 89 96 103 91
111 83 107 71 108 101 121 90 100 91 89
99 109 74 123 139 101 96 104 97 112 102
81 113 111 104 85 104 102 96 82 103 109
75 128 120 104 88 101 100 127 110 105 77
83 88 93 116 107 92 89 87 91 99 76
108 73 92 95 104 77 87 101 124 98 82
119 97 97 114 103 105 76 117 93 87 100
[/map]


Simulation: 4
Layer name: layer0
Generation: 13000

[map]
96 99 95 93 84 67 99 111 102 102 106
79 104 105 89 78 83 109 104 96 80 110
77 82 87 103 101 86 113 102 108 87 105
95 120 112 89 88 91 99 93 123 106 111
106 109 114 102 92 120 101 88 112 74 85
98 94 95 49 84 106 100 77 99 100 106
79 134 114 109 90 111 81 102 96 102 98
89 104 108 96 128 122 85 116 80 113 106
86 109 107 87 76 126 95 79 94 118 103
108 114 115 89 117 89 74 72 98 115 100
112 123 104 96 124 86 106 75 118 111 100
[/map]


