Simulation: 2
Layer name: layer0
Generation: 12000

[map]
121 105 93 97 110 84 96 116 107 101 120
125 93 78 87 77 117 104 97 113 101 98
103 115 83 117 91 82 82 73 104 85 96
89 108 105 112 105 79 110 102 99 88 99
91 94 103 104 109 103 99 94 86 87 103
105 98 108 91 98 97 106 93 98 75 94
117 111 98 96 89 84 93 107 117 109 92
98 88 107 101 98 108 100 83 119 123 100
98 136 84 78 111 121 127 115 93 96 109
104 99 69 107 85 95 90 105 107 98 115
98 110 118 105 86 111 112 126 109 101 108
[/map]


Simulation: 2
Layer name: layer0
Generation: 13000

[map]
108 117 118 77 98 98 100 100 92 100 95
106 112 87 119 98 96 117 137 68 103 82
99 81 79 86 91 110 96 124 85 70 95
94 118 101 87 78 94 100 91 108 112 104
105 71 92 94 114 119 93 98 117 89 101
115 75 90 102 86 88 107 99 98 71 76
91 99 96 93 123 89 90 101 113 113 100
57 96 109 99 104 87 111 105 96 112 99
85 108 98 94 92 107 126 98 102 110 84
54 109 103 104 104 108 86 127 107 80 101
105 116 86 97 105 81 100 94 84 92 99
[/map]


