Simulation: 6
Layer name: layer0
Generation: 12000

[map]
99 112 92 89 93 81 78 108 132 94 108
92 119 88 74 99 119 106 96 95 99 94
95 87 112 105 126 109 89 107 90 89 82
87 78 85 103 92 80 79 123 113 85 107
102 84 78 102 96 92 91 117 119 100 124
96 105 114 85 79 87 93 87 83 82 97
117 92 90 122 104 113 124 100 88 72 82
86 124 91 87 126 100 100 90 73 89 77
79 97 109 93 95 95 107 99 98 102 94
108 89 97 84 96 99 96 99 140 114 89
95 102 84 116 112 102 119 113 71 83 124
[/map]


Simulation: 6
Layer name: layer0
Generation: 13000

[map]
103 108 105 90 104 88 112 94 80 113 120
73 90 104 99 108 118 98 107 111 132 76
89 85 96 82 93 89 85 90 89 81 109
101 102 100 97 133 105 88 103 90 89 93
108 90 122 96 105 98 97 115 83 78 114
122 121 88 97 85 105 114 83 114 102 94
93 100 105 109 106 107 115 116 97 102 85
99 109 120 96 99 108 109 80 89 95 88
81 90 99 87 85 101 111 115 98 97 106
95 74 81 87 109 97 66 99 98 84 91
92 90 112 112 100 115 113 95 83 110 102
[/map]


