Simulation: 6
Layer name: layer0
Generation: 12000

[map]
97 81 86 109 116 81 61 116 105 119 105
93 89 89 103 99 99 91 110 131 95 109
92 81 108 101 83 121 114 108 86 114 106
114 92 95 104 109 101 94 105 95 69 86
116 98 101 107 107 92 107 101 84 98 110
99 116 89 97 127 76 102 104 105 78 84
102 108 95 113 104 76 111 138 108 104 87
99 101 89 82 150 130 98 85 121 94 99
118 110 128 77 62 78 92 116 87 95 73
112 101 94 101 92 114 91 100 84 92 115
102 117 95 92 93 87 74 96 91 109 91
[/map]


Simulation: 6
Layer name: layer0
Generation: 13000

[map]
91 114 97 70 105 104 105 103 80 127 71
102 106 116 120 72 106 85 95 113 110 82
85 103 127 83 93 99 108 125 104 86 97
99 99 109 111 99 90 89 103 90 107 100
134 123 108 95 89 106 101 89 112 70 95
98 72 109 109 127 78 93 85 101 68 67
98 82 95 89 107 94 114 89 71 101 106
99 113 94 89 100 68 79 110 110 94 111
97 74 124 93 109 100 122 79 104 84 95
94 82 85 107 83 120 93 85 104 97 94
77 107 83 121 95 98 82 103 111 84 122
[/map]


