Simulation: 9
Layer name: layer0
Generation: 12000

[map]
96 101 99 97 103 105 83 87 72 96 115
63 108 92 99 99 75 101 82 91 85 110
108 103 98 117 91 113 94 104 87 110 109
59 74 115 89 100 135 89 113 79 88 94
121 96 115 86 83 106 109 101 117 123 80
136 114 92 81 103 118 92 73 100 97 114
89 93 126 117 105 109 102 109 101 111 113
75 78 90 95 79 96 79 80 108 89 65
88 84 80 92 88 103 103 109 116 111 114
91 94 114 109 103 116 85 98 119 116 114
90 116 111 97 89 95 97 71 120 110 102
[/map]


Simulation: 9
Layer name: layer0
Generation: 13000

[map]
98 99 100 126 103 90 102 105 89 96 102
99 133 115 93 93 98 97 106 101 92 99
114 95 91 95 104 89 113 95 88 93 81
100 82 98 99 94 87 140 129 108 105 87
87 102 126 104 106 79 97 104 104 118 100
108 82 103 82 108 96 94 96 115 101 87
98 115 95 104 101 87 104 92 116 101 85
72 109 86 74 79 107 104 86 97 126 92
94 96 121 113 97 105 119 85 116 102 114
113 101 100 76 107 100 106 97 104 94 102
104 88 100 116 92 93 103 85 97 128 82
[/map]


