Simulation: 5
Layer name: layer0
Generation: 12000

[map]
107 87 94 102 94 97 104 129 91 99 91
109 76 102 102 110 103 102 105 95 80 109
98 67 67 95 91 112 83 130 108 114 98
83 105 99 109 111 102 87 93 111 97 102
115 88 90 75 76 92 95 115 93 75 85
95 116 85 87 89 105 83 100 88 107 93
113 91 87 81 94 104 92 81 93 93 125
133 98 97 86 100 85 115 98 98 92 101
88 90 96 98 80 112 111 97 97 93 110
103 92 107 98 94 125 95 89 93 102 88
90 96 95 90 88 77 84 100 81 65 128
[/map]


Simulation: 5
Layer name: layer0
Generation: 13000

[map]
88 91 110 114 115 79 118 76 107 90 71
106 99 98 101 87 79 126 100 92 74 101
121 111 92 97 107 86 97 110 106 110 105
108 117 108 86 83 80 109 85 103 98 111
112 98 96 112 83 103 82 98 92 108 136
99 109 97 106 101 98 80 106 106 91 114
89 85 72 85 94 112 143 105 85 104 99
104 95 91 93 92 119 106 89 83 103 104
106 99 94 72 94 103 74 92 99 83 113
110 112 127 106 112 112 95 81 119 112 91
107 109 95 105 109 108 83 97 100 113 73
[/map]


