Simulation: 4
Layer name: layer0
Generation: 12000

[map]
101 85 95 91 139 106 77 86 98 124 100
100 98 109 73 94 114 95 117 77 88 97
98 89 95 82 97 109 70 77 91 108 103
75 97 128 95 103 87 107 70 106 114 105
112 104 93 108 84 130 83 121 95 123 107
102 109 84 59 108 110 90 91 114 81 99
122 107 108 102 107 79 90 121 99 108 109
98 87 108 97 125 83 137 62 83 93 85
83 94 91 114 103 81 74 120 105 93 127
116 104 119 83 133 110 124 131 97 113 99
89 106 84 98 97 108 115 106 78 88 93
[/map]


Simulation: 4
Layer name: layer0
Generation: 12500

[map]
87 85 91 119 95 93 105 105 116 95 102
97 96 86 77 85 134 92 98 99 118 113
116 119 78 88 98 76 84 87 121 122 102
86 101 134 117 121 85 85 105 114 108 78
95 114 80 93 102 117 91 98 112 113 118
96 102 86 107 122 109 109 86 135 104 130
79 97 79 113 115 97 109 103 96 109 106
89 86 84 86 125 124 126 101 120 103 102
132 133 103 87 85 110 103 91 93 84 66
93 98 93 89 97 89 101 129 110 95 100
102 102 100 91 105 99 91 116 83 99 93
[/map]


Simulation: 4
Layer name: layer0
Generation: 13000

[map]
112 104 89 99 114 102 102 75 91 103 64
99 84 99 106 111 103 116 102 94 114 83
90 75 106 129 117 114 90 88 116 76 94
101 104 79 105 82 128 106 117 102 108 120
112 104 102 91 113 106 97 82 80 86 93
118 73 102 112 99 119 105 100 92 75 107
80 113 82 84 106 102 97 86 99 80 108
88 95 83 102 114 90 80 89 90 108 81
97 101 119 91 100 112 92 104 73 94 91
86 87 103 108 97 91 108 102 107 120 89
111 121 89 96 88 95 99 104 103 87 91
[/map]


