Simulation: 9
Layer name: layer0
Generation: 12000

[map]
86 97 99 107 108 100 110 103 101 79 99
95 89 109 81 120 82 99 108 106 135 72
101 98 102 80 75 97 100 79 93 126 94
73 91 93 85 115 140 96 80 76 84 93
96 123 102 117 118 108 84 76 94 91 117
84 121 111 87 117 69 103 83 89 89 116
115 100 100 79 93 99 83 89 111 103 106
121 116 102 95 94 88 92 108 101 69 114
116 79 98 90 98 94 67 91 107 87 83
82 138 94 79 90 86 85 89 92 87 80
72 126 117 104 99 111 87 120 113 113 91
[/map]


Simulation: 9
Layer name: layer0
Generation: 13000

[map]
115 105 107 98 95 79 108 106 89 110 119
100 109 85 77 104 117 84 107 108 111 71
93 93 131 95 108 92 77 96 91 100 81
87 97 96 105 98 132 116 87 122 87 107
93 60 125 98 69 106 100 90 114 93 104
110 111 92 110 103 85 99 98 101 115 98
109 96 97 84 105 107 88 107 105 94 97
72 97 67 96 96 83 110 93 84 102 105
96 90 108 104 83 99 105 107 93 102 104
99 96 114 106 106 98 103 105 101 77 102
95 87 63 113 81 90 113 87 92 101 91
[/map]


