Simulation: 7
Layer name: layer0
Generation: 12000

[map]
90 86 105 77 94 100 88 101 99 108 116
94 83 79 109 109 96 91 97 88 76 91
108 96 114 108 119 73 77 117 106 85 101
111 96 105 104 97 97 116 94 97 81 79
102 101 90 66 103 95 114 97 95 98 97
116 103 95 109 104 97 122 91 99 121 111
120 87 111 100 103 90 113 97 86 116 105
101 115 92 103 104 89 98 92 110 103 91
91 103 91 109 97 81 96 95 102 108 92
120 105 102 81 92 122 84 87 104 124 103
102 101 102 83 96 107 83 83 85 97 100
[/map]


Simulation: 7
Layer name: layer0
Generation: 13000

[map]
120 87 108 102 109 102 91 113 75 96 99
95 91 84 90 94 103 114 69 119 95 101
86 55 108 101 102 68 77 81 69 82 115
98 93 108 87 81 92 117 117 104 100 92
107 92 77 94 88 125 112 90 96 112 103
91 90 108 76 88 87 98 99 93 88 102
85 94 88 99 91 113 109 91 93 102 101
97 104 80 99 105 90 112 98 102 117 95
106 96 89 83 101 103 109 98 109 84 73
83 111 89 105 70 88 96 90 116 117 126
82 96 82 82 110 117 84 85 93 109 92
[/map]


