Simulation: 5
Layer name: layer0
Generation: 12000

[map]
101 112 90 128 111 100 126 99 111 90 72
97 83 102 116 86 118 74 93 105 119 79
72 107 80 93 94 99 94 108 126 122 85
100 101 95 122 96 101 136 84 116 75 89
117 99 127 105 86 113 84 118 115 99 103
99 82 106 131 104 103 100 98 107 101 120
118 105 98 109 115 120 115 115 123 95 99
110 95 112 86 101 97 96 118 128 87 72
102 108 99 100 114 87 125 124 91 98 87
94 100 97 74 94 99 100 93 82 124 99
112 98 100 108 107 90 94 91 98 104 96
[/map]


Simulation: 5
Layer name: layer0
Generation: 13000

[map]
124 97 108 97 110 89 108 107 78 112 105
112 114 101 101 108 98 82 97 132 120 105
100 101 79 100 115 110 90 85 92 137 129
92 87 92 89 97 106 108 107 121 92 100
97 80 109 97 99 109 91 87 101 98 90
107 93 96 80 104 87 108 112 109 93 80
93 117 78 102 93 119 89 124 88 104 109
94 93 93 76 103 115 115 91 102 103 97
123 81 129 125 90 91 75 84 126 100 74
83 91 107 78 110 101 76 90 100 91 110
97 92 91 102 83 93 108 108 98 104 99
[/map]


