Simulation: 2
Layer name: layer0
Generation: 12000

[map]
112 88 88 115 105 88 121 102 82 92 119
94 111 79 100 92 91 106 97 94 82 78
94 98 95 79 84 120 89 120 120 89 96
101 110 81 104 96 87 120 81 105 118 118
83 89 109 102 89 92 94 73 117 117 82
78 119 118 74 100 102 85 100 101 108 119
108 116 105 99 104 103 110 81 71 84 89
112 114 105 86 102 106 85 95 88 94 75
86 108 98 97 91 105 110 70 86 99 107
120 101 75 83 101 88 102 84 86 83 120
103 80 110 81 96 103 121 72 95 84 94
[/map]


Simulation: 2
Layer name: layer0
Generation: 13000

[map]
74 106 100 93 95 85 82 110 98 105 103
78 98 98 87 93 89 100 108 91 100 101
96 87 113 102 119 108 75 119 100 97 111
117 89 95 88 89 106 110 81 92 93 114
96 117 99 114 127 110 98 96 125 69 98
120 89 80 96 100 105 129 91 101 68 103
90 88 94 115 106 108 99 119 108 93 98
78 116 108 76 92 107 89 106 128 92 108
92 100 119 131 105 81 118 99 103 75 91
75 83 96 99 88 110 111 123 112 88 102
87 108 97 104 120 94 92 124 99 108 102
[/map]


