Simulation: 5
Layer name: layer0
Generation: 12000

[map]
92 73 109 108 108 86 88 104 113 127 103
105 131 112 85 75 108 104 71 104 97 105
86 93 96 112 115 109 95 115 130 105 124
95 93 79 90 87 94 111 131 54 100 94
86 101 88 92 115 120 131 87 91 112 76
81 115 110 101 124 97 75 113 99 112 124
76 134 118 83 108 99 110 84 105 124 104
96 115 67 114 139 103 76 104 82 92 99
107 112 108 102 127 87 100 113 95 115 106
89 96 65 88 99 92 109 100 98 91 89
105 98 95 120 126 112 98 99 96 81 110
[/map]


Simulation: 5
Layer name: layer0
Generation: 13000

[map]
85 110 84 72 108 98 121 122 96 123 114
87 100 101 132 98 93 102 88 96 93 103
91 94 90 111 112 104 107 108 89 115 106
80 102 82 116 100 92 108 94 105 107 111
108 89 110 98 104 119 102 93 95 114 91
96 128 106 113 99 98 92 82 88 84 103
96 98 97 103 109 69 94 101 71 72 76
101 123 101 110 105 120 99 85 88 100 91
76 100 110 125 124 80 91 128 101 85 72
101 82 79 75 76 112 99 112 98 107 104
94 83 80 84 99 116 94 112 109 100 90
[/map]


