Simulation: 5
Layer name: layer0
Generation: 12000

[map]
108 89 116 122 87 88 76 90 94 116 98
111 107 89 100 102 102 92 92 88 102 102
86 96 103 97 94 114 113 83 93 89 88
100 93 89 97 96 118 100 107 118 92 99
112 83 126 109 101 76 111 127 74 83 92
95 73 100 84 88 86 112 103 91 120 89
91 81 93 110 106 107 102 88 102 126 95
99 91 91 137 79 71 72 133 133 99 85
110 118 107 92 103 111 101 95 105 128 111
107 102 72 104 79 101 91 95 103 108 79
119 99 95 97 88 107 81 97 87 89 78
[/map]


Simulation: 5
Layer name: layer0
Generation: 13000

[map]
94 86 83 97 98 127 115 66 107 102 103
96 114 94 94 116 83 95 87 87 87 98
83 89 117 103 82 88 92 102 94 108 87
101 111 100 90 96 93 79 114 107 91 89
107 90 118 113 101 106 90 110 95 116 90
92 97 117 94 99 113 103 110 92 88 92
77 83 104 108 139 81 99 88 88 90 93
118 83 110 123 97 91 135 93 91 91 98
101 100 86 83 103 99 84 89 82 110 89
71 112 126 69 66 55 136 76 111 105 81
93 105 93 121 105 65 91 131 94 113 116
[/map]


