Simulation: 4
Layer name: layer0
Generation: 12000

[map]
90 87 115 75 92 89 96 119 111 96 103
97 82 83 83 112 100 106 107 103 89 103
97 94 93 104 76 64 123 76 118 90 105
73 120 107 78 106 117 107 96 86 96 86
101 80 128 84 75 85 106 97 89 96 104
92 100 89 98 113 111 93 96 70 96 81
114 81 94 102 96 79 86 93 123 104 102
93 98 70 109 93 100 115 103 99 97 110
95 95 97 103 76 89 116 93 112 96 128
84 89 111 79 105 62 99 94 95 98 86
104 98 118 108 83 90 128 82 88 103 80
[/map]


Simulation: 4
Layer name: layer0
Generation: 13000

[map]
91 92 121 94 91 105 99 116 106 93 87
87 87 84 119 96 131 97 86 105 92 117
98 101 90 100 109 89 107 81 103 100 102
102 91 116 102 97 113 98 92 103 113 106
89 96 106 102 101 75 100 97 108 127 83
125 104 78 120 86 100 78 106 109 106 92
81 89 102 92 103 102 88 110 112 97 89
98 85 96 97 87 101 75 91 104 93 106
91 89 108 83 111 97 96 106 88 122 112
126 115 101 107 112 92 101 98 89 81 106
84 105 87 106 95 122 98 125 99 103 88
[/map]


