Simulation: 3
Layer name: layer0
Generation: 12000

[map]
106 98 96 69 128 104 116 108 119 113 106
102 84 132 100 99 90 100 96 101 103 85
113 92 101 110 91 87 103 94 108 100 90
96 99 74 99 77 93 87 94 101 114 75
122 93 82 88 112 81 75 64 87 93 98
96 95 101 101 82 94 101 93 88 129 98
104 113 93 98 78 112 101 105 92 103 111
90 94 93 110 86 104 66 116 94 121 93
89 101 93 106 91 96 99 102 93 123 94
93 106 105 100 71 99 124 72 78 107 85
117 103 97 91 99 120 116 112 76 101 76
[/map]


Simulation: 3
Layer name: layer0
Generation: 13000

[map]
83 105 70 76 104 101 101 95 86 102 98
95 91 94 102 84 118 111 130 77 101 92
112 99 90 111 92 112 112 91 92 109 107
90 104 79 71 98 109 132 88 101 88 106
102 82 90 112 110 104 95 96 109 91 95
110 107 116 103 99 113 95 115 89 92 112
105 90 101 69 97 105 113 116 121 116 80
115 134 87 96 82 75 107 104 92 85 78
88 104 103 85 94 86 102 101 98 105 96
120 111 104 95 90 81 92 102 78 126 96
111 82 107 100 106 91 98 118 100 90 89
[/map]


