Simulation: 8
Layer name: layer0
Generation: 12000

[map]
84 102 84 96 97 97 84 77 97 78 107
96 99 99 95 85 94 88 113 79 108 101
119 99 116 92 91 92 91 99 89 128 107
101 84 111 91 98 84 76 126 111 80 92
82 112 83 109 82 97 88 98 99 73 112
101 101 108 82 81 97 108 104 102 92 90
103 108 104 112 89 97 71 96 135 111 96
84 106 75 88 96 117 82 87 136 117 92
74 83 111 95 96 89 96 113 106 95 110
97 113 91 110 134 100 91 105 136 92 90
78 91 109 96 99 106 91 98 89 101 113
[/map]


Simulation: 8
Layer name: layer0
Generation: 13000

[map]
107 117 114 105 94 107 90 107 102 98 109
114 98 105 132 106 101 102 108 78 90 85
111 80 81 86 93 84 92 79 113 117 109
82 106 91 91 117 88 88 91 100 106 93
98 90 90 106 108 130 90 101 117 103 86
117 116 108 109 90 84 86 98 131 94 113
117 82 104 102 132 99 113 107 94 91 93
90 69 106 122 103 91 110 90 92 87 105
111 95 111 96 94 107 84 98 95 104 103
115 124 130 108 81 101 128 105 97 110 87
85 78 116 95 102 62 103 109 119 105 115
[/map]


