Simulation: 10
Layer name: layer0
Generation: 12000

[map]
90 89 87 112 98 93 101 91 104 89 97
86 110 108 80 90 80 88 95 92 58 97
95 95 117 100 116 68 97 101 83 103 91
67 107 97 100 91 109 102 71 92 88 111
109 82 108 99 114 91 108 115 96 96 112
91 119 75 112 103 69 90 111 75 92 69
113 83 112 90 100 115 143 91 88 89 97
55 122 107 114 90 90 100 107 101 128 68
92 124 121 94 93 99 84 83 90 74 76
89 114 104 102 108 97 111 81 91 91 86
87 87 97 92 86 110 103 134 87 113 107
[/map]


Simulation: 10
Layer name: layer0
Generation: 12500

[map]
101 92 92 123 81 98 83 102 80 116 112
83 93 115 88 87 93 102 90 81 74 105
96 132 106 112 92 110 92 109 90 102 81
114 107 74 81 95 96 76 76 93 82 92
101 139 107 84 83 79 105 105 112 114 98
92 90 72 99 108 106 94 97 94 110 124
125 75 94 91 99 94 94 81 91 77 101
106 111 89 96 84 110 95 92 101 86 112
116 89 98 85 97 96 137 98 98 95 100
89 100 103 72 94 94 80 104 101 106 95
122 94 82 95 136 101 95 132 89 103 105
[/map]


Simulation: 10
Layer name: layer0
Generation: 13000

[map]
102 97 107 72 98 96 116 112 85 106 109
93 97 99 93 85 54 93 142 98 96 78
110 87 98 91 105 97 89 100 101 96 90
106 101 82 83 101 96 93 97 96 116 94
69 96 99 68 102 94 121 84 92 101 98
113 113 75 87 75 102 112 87 89 92 115
117 124 90 106 87 99 121 102 108 108 107
94 64 94 108 81 102 71 101 109 102 97
85 119 112 81 95 104 97 115 119 96 107
115 83 105 85 84 114 80 104 96 96 89
112 72 87 111 98 109 116 103 120 79 96
[/map]


