Simulation: 7
Layer name: layer0
Generation: 12000

[map]
109 102 125 99 96 99 89 81 106 99 113
123 88 123 91 73 116 96 86 111 96 119
101 75 70 124 73 107 132 82 95 119 87
106 111 92 103 94 103 102 89 94 100 95
89 113 95 88 117 86 98 112 89 99 102
101 81 82 99 98 123 99 111 89 71 94
73 115 119 98 115 90 108 97 97 119 107
80 92 124 86 108 76 72 101 92 87 94
94 89 78 91 77 85 117 109 101 75 104
104 131 92 96 79 114 89 107 125 108 112
106 95 103 94 99 101 101 82 104 111 83
[/map]


Simulation: 7
Layer name: layer0
Generation: 13000

[map]
116 91 100 93 117 101 117 81 105 86 91
105 87 97 98 105 105 99 83 98 88 101
109 97 83 90 106 67 103 103 95 105 79
113 78 114 109 108 100 76 96 111 94 77
109 111 106 81 103 84 111 112 80 92 99
103 119 106 107 109 85 92 84 104 104 101
91 118 130 92 98 94 103 93 88 68 117
104 84 93 135 100 121 106 103 118 117 103
116 96 93 106 112 92 76 85 109 92 59
87 95 99 68 95 100 82 116 98 91 93
105 103 116 92 76 94 128 93 96 114 93
[/map]


