Simulation: 5
Layer name: layer0
Generation: 12000

[map]
77 124 94 110 109 98 86 87 104 122 92
105 80 74 91 120 102 95 92 101 108 139
123 90 104 92 95 82 94 112 98 86 84
101 105 116 72 92 111 106 86 90 98 94
132 101 104 118 92 104 96 112 87 113 81
81 87 119 93 88 101 102 69 118 113 101
107 98 74 86 100 91 107 90 89 111 87
98 124 106 111 107 115 89 90 100 107 113
94 91 92 93 96 127 106 90 122 96 106
89 80 92 85 92 108 96 118 92 104 103
114 81 85 85 83 102 62 105 98 82 98
[/map]


Simulation: 5
Layer name: layer0
Generation: 13000

[map]
86 125 95 118 87 95 109 93 107 76 104
99 95 100 86 114 92 95 114 104 102 100
93 102 82 100 96 120 82 108 107 104 116
88 91 101 80 113 108 101 75 88 100 106
92 106 107 119 106 117 119 99 95 84 97
118 98 97 98 113 123 98 125 103 97 106
93 99 71 96 121 86 83 95 109 100 113
95 84 140 90 82 122 103 93 77 89 99
100 82 106 87 101 121 103 81 111 102 111
104 97 74 100 104 86 93 119 109 91 75
82 88 103 135 103 105 128 99 78 124 115
[/map]


