Simulation: 2
Layer name: layer0
Generation: 12000

[map]
89 102 126 91 105 108 88 91 100 110 133
102 104 115 99 101 74 81 84 90 80 94
128 88 99 85 113 110 97 95 106 110 97
84 106 111 90 88 113 97 98 86 92 86
98 90 86 102 106 103 81 127 88 102 70
82 99 77 97 91 95 106 86 90 91 101
110 74 105 127 75 110 100 98 116 110 96
106 113 119 92 96 103 95 105 91 90 98
91 68 67 92 116 76 107 74 100 90 91
114 88 87 98 70 75 86 91 113 114 100
98 69 115 86 92 90 93 81 83 89 92
[/map]


Simulation: 2
Layer name: layer0
Generation: 13000

[map]
107 75 86 105 81 95 108 107 117 116 83
103 97 108 118 116 102 119 92 93 74 89
87 119 102 105 99 100 97 108 91 109 132
91 81 110 69 121 101 106 90 85 94 92
104 75 100 73 79 88 95 87 105 110 79
111 92 91 105 109 121 104 90 95 65 101
77 94 123 80 115 75 100 94 76 111 98
102 85 91 76 122 102 95 97 96 124 107
101 112 94 82 105 67 108 100 104 101 87
81 101 100 74 80 77 98 72 103 117 127
110 105 76 117 113 116 94 77 100 74 95
[/map]


