Simulation: 5
Layer name: layer0
Generation: 12000

[map]
108 83 118 98 68 102 102 102 116 90 107
115 108 95 102 72 98 82 122 101 94 105
90 102 103 110 84 98 99 97 115 103 93
101 104 111 108 90 88 83 88 112 109 90
109 126 93 93 92 87 99 106 95 107 101
109 99 86 105 106 82 94 96 103 87 101
88 98 94 113 91 104 91 111 118 102 83
91 112 100 105 108 98 99 97 82 100 95
115 117 96 104 127 97 81 92 98 101 94
104 87 76 94 115 82 96 102 85 82 116
96 93 131 103 126 102 123 112 109 104 119
[/map]


Simulation: 5
Layer name: layer0
Generation: 12500

[map]
114 97 100 84 80 90 105 118 94 109 109
98 95 109 87 103 132 81 101 125 99 113
78 67 85 94 113 100 117 98 83 112 132
125 99 99 97 117 91 103 106 120 105 101
106 104 85 105 100 101 97 95 99 96 99
112 74 97 108 115 80 93 97 75 103 126
115 106 101 78 110 85 120 124 70 96 97
106 104 82 120 106 109 99 102 112 81 81
97 122 87 94 106 85 105 61 89 86 116
98 108 86 91 94 109 117 111 112 113 103
86 116 80 92 94 96 80 127 78 104 94
[/map]


Simulation: 5
Layer name: layer0
Generation: 13000

[map]
88 106 97 77 64 75 83 100 99 91 105
127 93 93 102 108 78 90 113 93 98 114
102 129 103 125 78 94 100 100 105 81 112
100 101 78 75 88 104 104 130 92 97 90
106 96 95 83 101 92 88 119 95 117 98
100 120 71 88 89 122 75 84 80 120 93
93 109 87 91 102 86 98 93 80 102 76
103 106 106 95 102 111 90 95 104 93 102
83 107 97 116 91 106 107 102 98 125 118
97 92 79 69 127 89 119 91 84 120 100
115 90 113 72 77 109 113 98 102 97 89
[/map]


