Simulation: 7
Layer name: layer0
Generation: 12000

[map]
114 108 93 109 92 85 98 91 87 95 123
71 124 90 94 101 64 112 93 79 107 78
95 94 93 105 122 88 103 93 90 106 102
108 98 97 101 94 111 119 103 89 82 90
90 112 119 87 69 116 75 112 118 112 94
119 112 90 100 100 100 124 80 84 97 104
121 90 126 96 100 105 85 116 111 105 112
121 94 109 104 109 108 96 106 95 87 116
82 114 80 107 119 98 102 85 102 80 102
109 106 96 122 112 111 81 91 87 126 71
103 110 111 78 89 121 87 122 89 114 106
[/map]


Simulation: 7
Layer name: layer0
Generation: 13000

[map]
101 95 104 74 96 124 89 91 103 139 93
96 82 104 110 96 91 109 107 103 68 103
110 84 90 91 67 101 93 107 108 114 95
109 103 53 88 82 88 88 106 93 79 117
105 103 110 110 79 120 75 102 109 116 96
94 105 113 114 109 123 94 88 84 90 102
91 83 77 87 91 121 92 82 106 84 99
89 97 90 91 119 77 114 110 100 84 92
101 94 73 119 84 86 135 92 103 112 96
99 103 101 92 97 106 94 115 105 94 79
93 95 76 99 90 111 97 117 89 95 115
[/map]


