Simulation: 6
Layer name: layer0
Generation: 12000

[map]
112 109 79 99 98 115 107 109 107 85 93
99 95 116 92 105 98 100 96 95 110 103
83 107 98 121 118 92 94 102 105 111 93
88 98 77 84 97 103 105 96 99 92 105
92 98 96 114 96 98 91 100 130 87 114
86 116 93 114 100 74 82 105 102 107 117
94 103 100 97 81 87 108 80 68 106 71
111 107 109 119 105 112 102 94 89 93 84
93 82 114 87 127 106 101 105 112 111 108
88 88 90 99 102 127 90 102 128 100 103
93 117 108 103 97 89 77 97 101 104 92
[/map]


Simulation: 6
Layer name: layer0
Generation: 13000

[map]
103 95 131 113 100 102 89 80 114 93 74
106 139 86 118 102 100 80 100 89 98 88
101 99 90 79 99 74 118 82 100 120 86
96 111 127 120 104 70 91 85 92 125 118
96 84 91 122 101 118 109 91 92 90 99
127 87 97 94 80 93 98 96 100 82 83
99 103 107 97 96 91 120 111 100 108 81
88 98 116 96 120 89 105 101 105 106 79
97 104 102 106 77 114 104 95 89 64 108
107 113 98 91 91 107 82 97 90 94 103
105 111 99 117 97 71 94 92 108 117 97
[/map]


