Simulation: 2
Layer name: layer0
Generation: 12000

[map]
118 113 114 101 109 126 88 108 63 119 99
99 101 122 98 104 93 68 107 117 109 109
88 101 99 128 99 91 85 112 85 89 86
91 75 112 94 97 83 90 110 87 98 86
104 98 115 86 105 94 116 82 109 99 107
129 80 90 101 91 101 106 118 86 128 92
109 110 100 114 119 99 109 107 108 58 119
111 118 91 102 97 123 85 102 93 92 115
59 87 119 109 116 108 111 99 96 93 103
99 86 84 91 78 86 94 81 109 107 103
103 111 83 112 98 96 86 86 89 125 105
[/map]


Simulation: 2
Layer name: layer0
Generation: 13000

[map]
104 98 101 100 102 103 120 84 110 113 115
88 92 109 108 125 97 94 108 84 120 87
96 103 98 92 102 85 131 112 100 87 101
103 108 110 81 98 90 114 114 91 94 106
112 93 107 88 99 106 109 95 109 95 109
107 100 97 116 108 90 70 75 86 95 92
108 112 99 91 93 109 89 84 119 103 104
80 96 105 112 79 97 68 80 105 79 91
95 103 103 104 81 98 84 76 112 77 62
98 91 94 97 111 116 87 97 88 100 101
121 80 117 92 118 124 95 118 111 112 97
[/map]


