Simulation: 8
Layer name: layer0
Generation: 12000

[map]
93 95 106 93 91 116 97 97 113 100 128
110 84 134 101 95 94 100 91 71 100 107
97 96 83 76 96 120 88 80 96 81 103
86 98 92 105 58 78 77 112 99 105 95
94 118 82 122 102 85 93 76 118 104 98
101 105 105 97 92 75 109 91 88 131 76
81 80 92 92 92 102 69 105 89 104 87
86 100 64 117 108 71 116 89 106 122 95
91 93 87 99 85 84 76 111 83 65 88
113 98 77 98 120 117 114 78 95 86 111
103 98 104 118 82 115 94 85 134 94 119
[/map]


Simulation: 8
Layer name: layer0
Generation: 12500

[map]
91 107 112 93 113 105 100 123 102 75 76
81 105 89 88 119 77 89 97 77 90 111
95 81 105 91 99 112 104 85 93 106 79
89 130 116 107 100 109 122 112 115 112 117
96 85 94 97 85 84 103 102 103 115 95
106 118 97 98 90 89 94 74 119 123 106
90 79 91 102 81 80 108 106 95 74 86
69 100 88 72 91 107 85 132 89 104 92
100 109 97 117 94 113 95 89 86 100 110
86 98 100 91 92 88 108 95 83 99 105
106 120 113 69 86 122 108 108 100 86 121
[/map]


Simulation: 8
Layer name: layer0
Generation: 13000

[map]
116 65 90 76 112 102 83 73 77 100 101
103 89 82 109 98 100 67 99 121 59 96
91 79 85 90 103 118 118 101 74 108 112
124 97 107 101 103 93 92 92 96 69 110
99 98 81 84 88 105 96 111 84 99 100
136 114 97 106 110 92 86 103 103 102 96
91 90 122 100 104 101 86 130 69 89 83
102 91 94 98 96 91 75 93 109 103 91
93 94 116 114 103 94 88 108 113 88 80
74 82 109 132 102 97 107 100 98 96 104
104 109 132 108 114 90 87 96 90 106 119
[/map]


